   -0.53761095
    0.15794579
    0.06561755
   -0.41726376
    0.07453951
   -0.00345776
   -0.05656933
   -0.08592549
    0.09668965
   -0.41618818
    0.11588552
   -0.40861207
   -0.07364289
   -0.23354462
    0.11983639
   -0.17362446
    0.03389367
   -0.06475057
   -0.13303003
    0.12357762
   -0.43334648
   -0.09729923
    0.31762282
    0.04770479
    0.03315337
    0.30795487
    0.33157423
    0.06462288
    0.18766206
    0.35599528
    0.02357138
    0.33480992
   -0.00300992
   -0.00080914
    0.02942261
    0.02597444
    0.03340769
    0.00965277
   -0.00891246
    0.02346338
    0.00006028
    0.00973985
    0.01181764
    0.05076261
   -0.05750370
    0.10103680
    0.01261805
    0.03447291
    0.03529054
   -0.06021203
    0.00436476
   -0.07205839
   -0.05141001
   -0.04899697
   -0.04604862
    0.02272511
   -0.00944602
    0.02569593
    0.01563172
    0.03253000
    0.03068750
   -0.04735157
    0.00807506
   -0.00216061
    0.00464740
    0.00519066
    0.00091222
   -0.01329372
   -0.00178584
    0.02363256
    0.03195602
    0.02394044
    0.01884795
   -0.00877356
    0.00100217
    0.01255477
    0.04079657
    0.04896508
    0.04667711
    0.04292019
    0.03456867
    0.04296296
    0.03819886
    0.03182391
    0.06121563
   -0.08594819
    0.00977438
    0.00973416
   -0.08066755
   -0.07868628
   -0.00774252
   -0.02072575
