           1           2   1.47105664964082     
           2           3   1.14005259736267     
           3           4   1.08650229475712     
           3           5   1.44855900492218     
           5           6   1.11640819772875     
           6           7   1.34653767136570     
           7           8   1.45559477886696     
           8           9   1.38457453768809     
           9          10   1.03536336935442     
           9          11   1.28796602809531     
          11          12   1.07138928503906     
           6          13   1.33223454862642     
          11          13   1.42203875830343     
           5          14   1.02654834672245     
          14          15   1.08592161795596     
          15          16   1.36683339526500     
          16          17   1.36412289407881     
          17          18   1.07081273414652     
          17          19   1.36310043748657     
          19          20   1.37983146712189     
          20          21   1.15100462067930     
           2          22   1.13620517809074     
          15          22   1.28651370451893     
          20          22   1.24974004308383     
           4          23  0.838962593096845     
           7          24  0.962126096100994     
           8          25  0.965541455708809     
          10          26  0.889499397288976     
          12          27  0.875928910989319     
          13          28  0.963571673127042     
          16          29  0.965288741034765     
          18          30  0.885866889237528     
          19          31  0.963329853850845     
          21          32  0.785399468394673     
          34          35   1.15588528374415     
          36          37   1.35874453441630     
          38          39   1.31106895887142     
          33          40   1.19973072752289     
          34          40  0.839381443425301     
          34          41  0.537209774266956     
          40          41   1.08017763940530     
          35          42   1.15170649518058     
          36          43   1.07241912535882     
          42          43  0.996985228085621     
          37          44   1.12032414804233     
          38          44  0.724114972706381     
          38          45  0.692990399485247     
          39          45  0.125389711063421     
          44          45  0.462017568403631     
          38          46  0.698407822777558     
          39          46  0.817716067877943     
          45          46  0.894025505219125     
          41          47  0.834336736069791     
          34          48  0.164250461259074     
          41          48  0.688360683807519     
          47          48  0.796738100259014     
          34          49  0.520884099947368     
          35          49  0.466261494720610     
          48          49  0.803309429811528     
          35          50  0.459350290235214     
          42          50  0.440511781321620     
          49          50  0.639969049855897     
          42          51  0.521767236840551     
          43          51  0.618884727519822     
          50          51  0.524235549519097     
          36          52  0.474143136915748     
          43          52  0.647812076001047     
          51          52  0.944050643998108     
          37          53  0.607702361525463     
          44          53  0.640836947924586     
          44          54  0.358375223950305     
          45          54  0.568963364116647     
          53          54  0.644200277678887     
          45          55  0.697695277830266     
          54          55  0.755114513708355     
          55          56  0.815705934855352     
          47          57  0.811364627172668     
          48          57  0.865402114617829     
          49          58  0.767957438083112     
          50          58  0.730291578049249     
          50          59  0.705146768574317     
          51          59  0.718016694326106     
          58          59  0.623544685561000     
          52          60   1.01120402914563     
          53          60  0.649545533632363     
          53          61  0.682932657587574     
          54          61   1.01961077600429     
          60          61  0.448359383873536     
          55          62  0.833125213554032     
          56          62  0.737610874226412     
          55          63  0.163478076512674     
          56          63   1.00303320567282     
          62          63  0.964458586904407     
          57          64  0.714698863678274     
          57          65  0.879676669915184     
          64          65  0.828489257283360     
          58          66   1.10792392336804     
          59          67   1.08534391663758     
          60          68  0.922069132416187     
          60          69  0.276264345552448     
          61          69  0.978458987990335     
          68          69  0.659265455284961     
          62          70  0.895013272326180     
          63          70  0.185146477801375     
          64          71  0.863704354725589     
          65          71  0.868927354021080     
          65          72  0.773326831575889     
          66          72  0.687812432925224     
          71          72  0.654655600495452     
          66          73  0.830367040779669     
          72          73   1.24879182430741     
          66          74  0.544015065304838     
          67          74  0.574095793056601     
          73          74   1.11573710523569     
          67          75  0.849293277331714     
          74          75   1.12787623990541     
          67          76  0.706135425229775     
          68          76  0.777743242761470     
          75          76   1.16090911597338     
          68          77  0.698929387377048     
          69          77  0.681953598298072     
          76          77  0.743290435516858     
          69          78  0.741992740173665     
          77          78   1.20271208875590     
          70          79  0.993875780601280     
          78          79   1.05550782834299     
          70          80  0.156025809717843     
          78          80  0.121729650921081     
          79          80   1.06135984655354     
          80          81  0.954027469797705     
          56          82  0.908653581544340     
          70          83  0.934793702571233     
          33          84  0.942329258503597     
          71          85  0.957414685283476     
          63          86  0.972445808171183     
          47          87  0.922787671559812     
          39          88  0.969058474606664     
          64          89  0.954337120368652     
          46          90  0.938447605579426     
          80          91  0.951700908546043     
          33          92  0.944720029274235     
