   -0.07906751
   -0.11492438
   -0.05152232
    0.04419631
   -0.08662803
   -0.10263491
    0.04118828
   -0.18017896
    0.04066230
   -0.11608456
   -0.10101117
    0.04069203
   -0.12323227
   -0.10890828
   -0.05208652
   -0.09297614
    0.00611908
   -0.15958416
    0.00969081
   -0.08838375
    0.04541992
    0.08085432
    0.03455829
    0.03764672
    0.04178590
    0.03638536
    0.04561162
    0.07465281
    0.17415635
    0.09458787
    0.05279436
    0.02377137
    0.03454510
    0.10809180
    0.03949739
    0.03388753
    0.03746251
    0.01719667
    0.02175525
   -0.01015199
    0.01876421
    0.02374934
    0.02046818
    0.02445109
    0.00499180
    0.00474602
   -0.01312693
    0.00693551
    0.00785793
    0.00433862
    0.05053524
   -0.01735884
    0.06198232
    0.01814498
    0.02888800
    0.02213446
   -0.06582291
   -0.00787259
   -0.09571646
   -0.05794977
   -0.05170785
   -0.05179152
    0.01282464
   -0.01863115
    0.07262093
    0.02618798
    0.03443915
    0.03097713
   -0.04718762
    0.00495004
   -0.01295272
    0.00737376
    0.00322603
    0.00187237
   -0.01325175
   -0.01078281
    0.01653614
    0.01250314
    0.01030912
    0.01270807
   -0.01440322
    0.04028840
    0.03592892
    0.04058697
    0.03620759
    0.04401660
    0.03884325
    0.03214014
    0.02462946
    0.03030070
    0.03006466
    0.11498628
   -0.08739987
    0.00787289
    0.00791869
   -0.08771077
   -0.08566725
   -0.01411911
   -0.02468256
