           1           2   1.00793143276065     
           2           3   1.00888186693216     
           2           4   1.11626033504283     
           4           5   1.33958669692914     
           5           6   1.43490291963199     
           6           7   1.35464256908618     
           7           8   1.09930077133765     
           8           9   1.03721501149637     
           9          10   1.27148366799701     
          10          11   1.40572399156468     
          11          12   1.31128371803046     
          12          13   1.11522486675836     
          13          14   1.00806678728975     
          13          15   1.00947218201237     
          12          16   1.36054705612894     
           9          17   1.35437669735547     
          16          17   1.34295089928800     
          17          18   1.00364510955799     
           7          19   1.30840630704948     
          18          19   1.03313008475197     
           4          20   1.34157165551376     
          19          20   1.40327184347151     
           1          21  0.977685702549275     
           1          22  0.977457699591061     
           1          23  0.981560955503651     
           3          24  0.976869596078247     
           3          25  0.978107993892203     
           3          26  0.981371062181127     
           5          27  0.967730757684430     
           6          28  0.953132233049683     
           8          29  0.892505556001963     
          10          30  0.788214971647288     
          11          31  0.967048710961693     
          14          32  0.981571682527309     
          14          33  0.977559518854672     
          14          34  0.977105016197921     
          15          35  0.978305142832489     
          15          36  0.981496942510504     
          15          37  0.976433421132558     
          16          38  0.965868381411885     
          20          39  0.965703937742301     
          43          44   1.01073862981283     
          40          46  0.844799303969149     
          41          46  0.505835161067000     
          41          47  0.559717167109065     
          42          48  0.447828534034325     
          47          48  0.686276706294369     
          42          49  0.486281461600653     
          43          49  0.566754698182610     
          48          49  0.519291291125875     
          44          50  0.682277764521289     
          45          51  0.799814459816928     
          46          52  0.833886714233383     
          46          53  0.388514609982079     
          47          53   1.11002021942284     
          52          53  0.695954723210927     
          48          54  0.980736871379016     
          48          55  0.229927868481645     
          49          55  0.620252356881558     
          54          55  0.436749094261320     
          50          56   1.09838933658882     
          51          56  0.518295858806598     
          45          57  0.818167596400680     
          51          57  0.841774206357631     
          52          58  0.750729914060410     
          52          59  0.560590941239929     
          53          59  0.930696704773072     
          54          60   1.06034193715525     
          54          61  0.589493302687772     
          55          61   1.11970494963114     
          60          61  0.532940056332223     
          56          62  0.838182995585533     
          51          63  0.685130834062122     
          56          63  0.607880780506327     
          57          63  0.680211353277632     
          62          63  0.540246632837353     
          58          64  0.834999395537088     
          59          65   1.26501861047842     
          10          66  0.114977357451292     
          30          66  0.109779245171913     
          60          66   1.00415514643912     
          60          67  0.371682396408852     
          61          67  0.974236189480949     
          66          67  0.425666520490777     
          62          68  0.860491932992872     
          62          69  0.497689595673963     
          63          69  0.872149468523703     
          64          70  0.720993289088585     
          65          71   1.33154334218218     
          66          72  0.902903291125827     
          66          73  0.519638834840817     
          67          73  0.660045414531072     
          72          73  0.526765786326168     
          68          74   1.01252758549328     
          62          75  0.554728949786739     
          68          75  0.635098603155097     
          69          75  0.891762758204390     
          70          76   1.23860377568391     
          71          77  0.689474564880711     
          76          77  0.144924499740510     
          72          78  0.676745486645374     
          73          79  0.515671660229933     
          74          80  0.623636459708917     
          79          80   1.09698204480501     
          68          81  0.532582161278801     
          75          81   1.22952976650874     
          40          82   1.43844889573033     
          41          82   1.12420890813668     
          46          82  0.792633257402876     
          41          83  0.989095301831842     
          42          83   1.01383553255291     
          47          83  0.777795431242063     
          48          83  0.501985901861577     
          42          84   1.27144344165010     
          43          84   1.28888502259715     
          49          84  0.596783058697258     
          43          85  0.360266309669690     
          44          85  0.489804597140897     
          49          85  0.613504836066353     
          50          85  0.925296510360602     
          55          85  0.894437570689459     
          44          86   1.09812272431407     
          45          86  0.853327374819580     
          50          86  0.509654076529145     
          51          86  0.592441410850816     
          56          86  0.176701129419026     
          65          87  0.156620819107733     
          70          87  0.712460798642391     
          71          87  0.606794920046275     
          76          87  0.854872803227710     
          77          87   1.10837994308701     
          71          88  0.572782529726929     
          72          88  0.592142783634430     
          77          88   1.16139978360862     
          78          88   1.12639552536051     
          72          89  0.466832227466049     
          73          89  0.494086213336705     
          78          89   1.19967111614987     
          79          89   1.13107047400314     
          67          90  0.790053952500091     
          73          90  0.624082929844134     
          74          90   1.02241713038939     
          79          90  0.384158945998807     
          80          90  0.489735649077122     
          68          91  0.319149135320271     
          74          91  0.511689420578296     
          80          91   1.05389249986940     
          81          91   1.28125502156731     
          52          92  0.492375406663626     
          58          92  0.733728695427373     
          59          92  0.543263215911331     
          64          92  0.778678887510009     
          65          92  0.204495721711361     
          70          92  0.688199210476516     
          40          93  0.955851758345235     
          58          94  0.939021918214168     
          64          95  0.941215952270857     
          76          96  0.955031534607734     
          45          97  0.939813592622538     
          57          98  0.950991033162929     
          69          99  0.923862706630469     
