   -0.09665588
   -0.02380845
   -0.06533109
    0.00763782
   -0.04348049
   -0.07613999
    0.12504789
   -0.40997670
   -0.00801655
   -0.02291936
   -0.04716045
    0.00354961
   -0.06386900
   -0.02339167
   -0.09775852
   -0.04177312
   -0.05826808
    0.14381176
   -0.40518518
   -0.04658367
    0.03679261
    0.03771934
    0.03292591
    0.04768694
    0.04655396
    0.03886617
    0.02926532
    0.30370148
    0.03509702
    0.04277101
    0.04547565
    0.03370204
    0.03432033
    0.03499731
    0.03488694
    0.05107777
    0.32039803
    0.04292447
    0.06376059
    0.06736365
    0.02934588
    0.03730661
    0.05797093
    0.02390920
    0.05108129
    0.08654650
    0.03155021
    0.06930495
    0.05445235
    0.02096797
   -0.00546265
    0.04330667
    0.05958659
    0.04486985
    0.04623470
    0.02035666
    0.01305341
    0.05453083
    0.06283414
    0.02028996
   -0.00856321
    0.04788268
    0.02430830
    0.10442282
    0.00549097
    0.02757011
    0.06000040
    0.06562205
    0.04164935
    0.02955576
    0.01623855
    0.08171004
    0.07432288
    0.09596551
    0.04113771
    0.01154314
    0.07513931
    0.04922543
   -0.12666073
    0.02609035
   -0.15192457
   -0.14162776
   -0.12699915
   -0.12441005
   -0.11346831
   -0.14204874
   -0.09800144
   -0.15655067
   -0.10768559
   -0.14472476
   -0.11850263
   -0.12046988
   -0.14828935
