           1           2   1.97605758161048     
           2           3   1.01023952628381     
           3           4  0.993384479054489     
           4           5   1.39682292458841     
           5           6   1.45083525111691     
           6           7   1.37267413992111     
           7           8   1.07873721729900     
           5           9  0.100826139501342     
           7           9   1.32156823706718     
           9          10   1.04229609825617     
          10          11   1.39632252624841     
          11          12   1.42313694516003     
          12          13  0.990592521105601     
          13          14   1.01039312305362     
          14          15   1.97494961959487     
          12          16   1.39240641086015     
          11          17  0.101758914733840     
          16          17   1.45920311437483     
          10          18   1.32156717782923     
          17          18   1.36422449771521     
          18          19   1.09399435931739     
           4          20   1.42098043605008     
           9          20   1.39653354495785     
           1          21  0.976364595916344     
           1          22  0.975294458803371     
           2          23  0.966976538398182     
           3          24  0.957749087874395     
           3          25  0.970058841477197     
           5          26  0.969635657460679     
           6          27  0.957876107739535     
           8          28  0.754063139932993     
          11          29  0.966298954739659     
          13          30  0.970713571045573     
          13          31  0.960723779104905     
          14          32  0.967075713236230     
          15          33  0.976509437391629     
          15          34  0.975405937324127     
          16          35  0.969240404620626     
          17          36  0.967389088666021     
          19          37  0.831426007428352     
          20          38  0.965331988786610     
          42          43   1.02666557442338     
          39          45  0.844127553274508     
          40          45  0.509576237693817     
          40          46  0.557934296750339     
          41          47  0.442761930309349     
          46          47  0.689922920073219     
          41          48  0.483952479915547     
          42          48  0.566253435010478     
          47          48  0.512353000788689     
          43          49  0.675333367389066     
          44          50  0.803604861142745     
          45          51  0.825111543101183     
          45          52  0.391893353330374     
          46          52   1.11071852342926     
          51          52  0.697852004421210     
          47          53  0.975646042182219     
          47          54  0.238547002329092     
          48          54  0.630263143798330     
          53          54  0.405939226820032     
          49          55   1.11989373466538     
          50          55  0.506266035324831     
          44          56  0.823563959724978     
          50          56  0.845327261861620     
          51          57  0.761308669167782     
          51          58  0.557119627899332     
          52          58  0.921211722648452     
          53          59   1.10868424122982     
          53          60  0.593326731365102     
          54          60   1.09698303459184     
          59          60  0.552948828872393     
          55          61  0.815555612341573     
          50          62  0.690353926658771     
          55          62  0.597213720212460     
          56          62  0.673693299669692     
          61          62  0.559823236093110     
          57          63  0.820622950472949     
          58          64   1.27303942456244     
          59          65   1.15601388475673     
          59          66  0.349805798038704     
          60          66  0.979317657745739     
          65          66  0.434813970005921     
          61          67  0.844727056136745     
          61          68  0.523280944048096     
          62          68  0.865353495262497     
          63          69  0.731626265248846     
          64          70   1.33698710068508     
          65          71   1.03259455317238     
          65          72  0.507650702771414     
          66          72  0.671002775491339     
          71          72  0.536797344244166     
          67          73   1.00503163935719     
          61          74  0.563775095696426     
          67          74  0.625219849481722     
          68          74  0.885416255231563     
          69          75   1.22667734343186     
          70          76  0.684598326408918     
          75          76  0.151593518718901     
          71          77  0.648791101877527     
          72          78  0.513075581850489     
          73          79  0.624472997439039     
          78          79   1.09982216449806     
          67          80  0.549496383110535     
          74          80   1.24097136836604     
          39          81   1.44172532328979     
          40          81   1.11842963806311     
          45          81  0.792489664345324     
          40          82  0.992597415283835     
          41          82   1.01764612210670     
          46          82  0.766887350981850     
          47          82  0.499351611550784     
          41          83   1.27628042865197     
          42          83   1.29455286060841     
          48          83  0.595546854812825     
          42          84  0.345919099639480     
          43          84  0.483989924710113     
          48          84  0.614094349931631     
          49          84  0.918827124646863     
          54          84  0.925112057769466     
          43          85   1.08159357224681     
          44          85  0.839292952978081     
          49          85  0.515073886083022     
          50          85  0.602161270600053     
          55          85  0.208063861983355     
          64          86  0.154980199153047     
          69          86  0.723149222851395     
          70          86  0.611393283758827     
          75          86  0.857961971722688     
          76          86   1.09533274590253     
          70          87  0.581376835877950     
          71          87  0.568981209904424     
          76          87   1.17415432029784     
          77          87   1.12769336727063     
          71          88  0.449759946542264     
          72          88  0.504178181555974     
          77          88   1.20763629023623     
          78          88   1.14978632152163     
          66          89  0.818699038609649     
          72          89  0.631296587676603     
          73          89   1.03503533082520     
          78          89  0.364887630787620     
          79          89  0.483784476881853     
          67          90  0.347472839746670     
          73          90  0.530601685051250     
          79          90   1.05286886046751     
          80          90   1.26122431506706     
          51          91  0.497614108602968     
          57          91  0.740739734239039     
          58          91  0.550269185027245     
          63          91  0.779019333293453     
          64          91  0.180492719376902     
          69          91  0.688647670707284     
          39          92  0.955901587467077     
          57          93  0.939847179629532     
          63          94  0.942111631177232     
          75          95  0.955358833895401     
          44          96  0.941126493475002     
          56          97  0.951182501663109     
          68          98  0.923548867443391     
