   -0.39905479
    0.12566521
   -0.19317660
    0.30627976
   -0.44104419
   -0.29281047
    0.08220819
   -0.03869814
   -0.03311863
   -0.04042188
   -0.03372954
   -0.05135182
    1.20603178
   -0.57978355
   -0.58934223
    0.23022418
    0.05532743
    0.04367127
    0.03816734
    0.04469307
    0.05485775
    0.04388096
    0.02993561
    0.01535913
    0.00271864
    0.01270000
    0.03620920
    0.06054445
    0.02781133
    0.05258407
    0.10319249
    0.00113760
    0.08631146
    0.06160350
    0.01423647
    0.02771348
   -0.01559495
    0.00868700
    0.07330966
    0.06477480
   -0.00976552
    0.01311144
    0.01194836
    0.05375109
    0.04396279
    0.07408906
    0.00090408
    0.01263050
    0.02163388
    0.03166254
    0.07187237
   -0.00419967
    0.01794368
    0.06859817
    0.09767275
    0.01933074
    0.01198246
    0.07190173
    0.04577385
    0.01832571
    0.00957454
    0.00326957
   -0.00458071
   -0.02856925
    0.02233328
   -0.02694184
    0.04139645
    0.03456998
    0.01736880
   -0.03428766
   -0.01852905
    0.02520505
    0.01894410
    0.08813125
   -0.17104316
   -0.14110648
   -0.13648056
   -0.14988493
   -0.13950609
   -0.14342135
   -0.14128099
