           1           2   1.47967390162911     
           1           3  0.116018899017653     
           2           3   1.10352812575787     
           3           4   1.13352915558646     
           3           5  0.127751191393812     
           4           5   1.53862732433962     
           4           6   1.01978288646825     
           5           6  0.105278723157721     
           6           7   1.00976722292080     
           7           8   1.35783892605648     
           8           9   1.45529900504019     
           9          10   1.41620316970907     
           8          11  0.101180346282804     
          10          11   1.41088169809192     
           7          12   1.35804499059175     
           9          12  0.102974087014046     
          11          12   1.45905845854126     
           2          13  0.713778946497830     
           6          13  0.857702239460673     
          13          14   1.55101921191371     
          13          15   1.15631964646722     
           3          16  0.913650017080572     
           8          17  0.968592721299768     
           9          18  0.970831886979576     
          10          19  0.971323594524004     
          11          20  0.970597089571043     
          12          21  0.968713678012517     
          25          26   1.00582167368170     
          22          28  0.832244187670921     
          23          28  0.516313828079117     
          23          29  0.545649507967358     
          24          30  0.453459175180819     
          29          30  0.691861399543245     
          24          31  0.481299501681335     
          25          31  0.592035534189213     
          30          31  0.517267456755692     
          26          32  0.685412897678612     
          27          33  0.786585528116201     
          28          34  0.824922496542377     
          28          35  0.388858261930443     
          29          35   1.11988626956102     
          34          35  0.697845878297337     
          15          36  0.219995812514355     
          30          36  0.998434070002757     
          30          37  0.217396464326942     
          31          37  0.605716100078547     
          36          37  0.474500171005633     
          32          38   1.11269708314831     
          33          38  0.517542452312832     
          27          39  0.792930942637013     
          33          39  0.848937067302123     
          34          40  0.756015854779806     
          34          41  0.552889732867854     
          35          41  0.934739299439745     
          15          42  0.873478588696530     
          36          42  0.497028381605102     
          36          43  0.690296737559640     
          37          43   1.05043973502699     
          42          43  0.517126264744001     
          38          44  0.823356596092972     
          33          45  0.688451156320571     
          38          45  0.617668520402892     
          39          45  0.681017093479668     
          44          45  0.535517995525660     
          40          46  0.832856087334244     
          41          47   1.26483805722264     
          42          48  0.900835496286605     
          42          49  0.368766604479675     
          43          49  0.958194787348453     
          48          49  0.468203348885763     
          44          50  0.862679014565029     
          44          51  0.512024451293674     
          45          51  0.854640222050229     
          46          52  0.720456117304629     
          47          53   1.33184644902836     
          48          54   1.08382793343879     
          48          55  0.563069815990950     
          49          55  0.636524819314851     
          54          55  0.522400726613964     
          50          56   1.00660328925209     
          44          57  0.566737610699139     
          50          57  0.629973115692296     
          51          57  0.895021673928327     
          52          58   1.22846612119628     
          53          59  0.684170967379267     
          58          59  0.146231342177323     
          54          60  0.647588247147354     
          55          61  0.528534425731425     
          56          62  0.629436381795787     
          61          62   1.06983471812805     
          50          63  0.542291061586683     
          57          63   1.21636149833308     
          22          64   1.43215105331708     
          23          64   1.12174573989572     
          28          64  0.784408399203934     
          23          65  0.989417686863128     
          24          65   1.00540746318994     
          29          65  0.736166816733798     
          30          65  0.518246829428229     
          24          66   1.27024656215190     
          25          66   1.25769240938755     
          31          66  0.629584864637435     
          25          67  0.377822168652813     
          26          67  0.512310582607501     
          31          67  0.589224628684187     
          32          67  0.914810996618851     
          37          67  0.902953868871570     
          26          68   1.07853309838863     
          27          68  0.881657650021605     
          32          68  0.493209100198922     
          33          68  0.592344826833938     
          38          68  0.180978394151638     
          47          69  0.159715647340637     
          52          69  0.717334409115341     
          53          69  0.602445430342967     
          58          69  0.852566935714500     
          59          69   1.10319334655746     
          53          70  0.576837292311416     
          54          70  0.570677003548762     
          59          70   1.16517243258207     
          60          70   1.13614640628796     
          54          71  0.426420504403839     
          55          71  0.518919866497453     
          60          71   1.19179052857547     
          61          71   1.15221790835942     
          49          72  0.787159307916710     
          55          72  0.597079780540699     
          56          72   1.02305678343986     
          61          72  0.393824138333924     
          62          72  0.523316464279548     
          50          73  0.328019399600040     
          56          73  0.533655237621194     
          62          73   1.02940488803997     
          63          73   1.27379077757184     
          34          74  0.499194409847623     
          40          74  0.728059376381941     
          41          74  0.543787867818386     
          46          74  0.773242234435324     
          47          74  0.202558139214306     
          52          74  0.688394834596228     
          22          75  0.961450258103733     
          40          76  0.940856564289905     
          46          77  0.943514666103014     
          58          78  0.958444001922456     
          27          79  0.941535076617606     
          39          80  0.954259346088485     
          51          81  0.925354807273135     
