   -0.11637264
    0.00597891
   -0.04667447
   -0.05813034
    0.06208164
   -0.14668141
    0.16484539
   -0.30814249
    0.07206663
   -0.05526129
   -0.04012702
   -0.04403075
   -0.05299163
    0.01283832
   -0.10573398
   -0.06415080
   -0.04596700
    0.04357878
    0.04352513
    0.04869684
    0.03781083
    0.06625488
    0.18051261
    0.04400151
    0.04065513
    0.03859851
    0.03599130
    0.02739466
    0.03632917
    0.11509840
    0.02851197
   -0.01895382
    0.01355267
   -0.04694279
    0.01397530
    0.05905212
   -0.00177318
    0.05700829
    0.01968017
    0.00177097
    0.05348279
    0.08821490
    0.06633233
    0.05966864
    0.04741225
    0.05826942
    0.10875005
    0.03311506
    0.04168066
    0.08157343
    0.02736878
    0.04599102
    0.04166674
    0.00769009
   -0.02064680
    0.00773700
   -0.01137532
    0.01904579
    0.03036929
    0.10078748
    0.07739878
    0.05356641
    0.03780079
    0.02992377
    0.04238813
    0.04732287
    0.08636082
    0.07848555
    0.00637931
    0.00870369
    0.00482493
    0.02203774
   -0.00063247
    0.01397463
    0.00499274
    0.00740579
    0.13926009
   -0.13978905
   -0.10787061
   -0.13521525
   -0.15438953
   -0.13394076
   -0.14545389
   -0.12102498
   -0.15373992
   -0.13359714
   -0.14302076
   -0.14156903
   -0.15559277
