           1           2   1.02192121993702     
           2           3   1.38267889835426     
           3           4   1.36519016983121     
           4           5   1.27128497647983     
           5           6   1.01594291464501     
           6           7   1.18142193796821     
           7           8   1.44542575681395     
           8           9   1.19991367033625     
           9          10   1.30845589618575     
          10          11   1.45797281902399     
          11          12   1.41118916479119     
          12          13   1.43299631924220     
           9          14   1.28603578945399     
          13          14   1.37628532072659     
           7          15   1.05420453700226     
           8          15  0.111581155827040     
          14          15   1.09656631470875     
           5          16   1.36962104789010     
           2          17   1.40735882274324     
          16          17   1.37479035923818     
           1          18  0.983472578221173     
           1          19  0.983250999167923     
           1          20  0.970796981924791     
           3          21  0.967038736976558     
           4          22  0.923478300541539     
           6          23  0.916551935391127     
          10          24  0.966191691033958     
          11          25  0.970603692220214     
          12          26  0.971047639585422     
          13          27  0.971693621279899     
          16          28  0.965552991093840     
          17          29  0.971060883188716     
          33          34   1.01253898679339     
          30          36  0.838457936734993     
          31          36  0.509479758888152     
          31          37  0.555239603024386     
          32          38  0.453966108403661     
          37          38  0.706452730289224     
          32          39  0.486192201468681     
          33          39  0.558140780194905     
          38          39  0.526523574528873     
          34          40  0.685095596947598     
          35          41  0.798111579803560     
          36          42  0.828315732339972     
          36          43  0.391538736366110     
          37          43   1.10238024171742     
          42          43  0.702409329528638     
           6          44  0.126433736602518     
          38          44  0.910672573171676     
          38          45  0.227062066910952     
          39          45  0.622815333822098     
          44          45  0.443173838200825     
          40          46   1.10563150427457     
          41          46  0.517795866852291     
          35          47  0.814439055547847     
          41          47  0.841695657837527     
          42          48  0.751294032289215     
          42          49  0.559444369622169     
          43          49  0.932605840255475     
           4          50  0.149266927104939     
          44          50  0.900968497443243     
          44          51  0.556210851042112     
          45          51   1.09707842692316     
          50          51  0.549703770577642     
          46          52  0.822582184827629     
          41          53  0.683765737182631     
          46          53  0.613716173624311     
          47          53  0.676263851829067     
          52          53  0.541749659154470     
          48          54  0.836871233289013     
          49          55   1.26692402393673     
          50          56   1.08968536034127     
          50          57  0.412694581073244     
          51          57  0.956759905338795     
          56          57  0.453831784121431     
          52          58  0.867057292400424     
          52          59  0.501856679521780     
          53          59  0.868423207431046     
          54          60  0.719497618072887     
          55          61   1.32843815167061     
          56          62   1.02980718945493     
          56          63  0.518114794113540     
          57          63  0.649914302881100     
          62          63  0.534729718544792     
          58          64   1.00406723551021     
          52          65  0.560858831889558     
          58          65  0.635736039066270     
          59          65  0.890930790061316     
          60          66   1.23256079842604     
          61          67  0.685042106428897     
          66          67  0.146223495292664     
          62          68  0.650178654336759     
          63          69  0.528648736960092     
          64          70  0.623100578851930     
          69          70   1.07690448537921     
          58          71  0.531135835669819     
          65          71   1.22740612581631     
          30          72   1.43387694422773     
          31          72   1.12818000854080     
          36          72  0.788160080009535     
          31          73  0.984087448592673     
          32          73   1.01202917508602     
          37          73  0.763412441122630     
          38          73  0.512912894919054     
          32          74   1.28322819184240     
          33          74   1.28101668902477     
          39          74  0.595036533643115     
          33          75  0.357009104007597     
          34          75  0.488386556725569     
          39          75  0.608299816089914     
          40          75  0.915541342057470     
          45          75  0.908604464697874     
          34          76   1.09172086051115     
          35          76  0.854812706576003     
          40          76  0.509870304232003     
          41          76  0.596082699735090     
          46          76  0.178023922021473     
          55          77  0.159990872882788     
          60          77  0.713648151906949     
          61          77  0.608273713715357     
          66          77  0.855760628673782     
          67          77   1.10113766635987     
          61          78  0.577112069651997     
          62          78  0.574590772562520     
          67          78   1.16830149947685     
          68          78   1.13350545286233     
          62          79  0.450028981806463     
          63          79  0.505213386239869     
          68          79   1.20484614766161     
          69          79   1.13669337905300     
          57          80  0.785745131684675     
          63          80  0.625260682196644     
          64          80   1.02340972353876     
          69          80  0.388918578883179     
          70          80  0.494119556983429     
          58          81  0.313450398432762     
          64          81  0.512905185000510     
          70          81   1.06541804498640     
          71          81   1.27494612484058     
          42          82  0.492703801649270     
          48          82  0.732488236577219     
          49          82  0.543786817190075     
          54          82  0.778184904967479     
          55          82  0.203102052187403     
          60          82  0.690251392719462     
          30          83  0.957880140716546     
          48          84  0.939615043441912     
          54          85  0.941950988448085     
          66          86  0.956435250469896     
          35          87  0.940938063559946     
          47          88  0.952270812769710     
          59          89  0.924790195449617     
