   -0.11154984
   -0.01864642
   -0.06762195
    0.08170099
   -0.32886115
    0.08365673
   -0.05488607
   -0.06609260
    0.05221057
   -0.10290711
   -0.05989413
   -0.04998167
   -0.09504193
   -0.02278683
   -0.01412575
   -0.03341762
   -0.10456092
    0.05001603
   -0.31013412
    0.03789504
    0.04256201
    0.04699225
    0.05066359
    0.04853398
    0.02999132
    0.05100992
    0.05095230
    0.04276472
    0.04852052
    0.04129417
    0.05295692
    0.03324426
    0.02347305
    0.14982440
    0.16054839
    0.05452472
    0.03679596
    0.02570376
    0.01732377
    0.02866528
    0.04505237
    0.06560820
    0.02754734
    0.04912823
    0.10953748
    0.00999743
    0.09376021
    0.06757462
    0.01689017
    0.05449754
   -0.01086366
    0.01541367
    0.08518156
    0.07458828
   -0.00643804
    0.02733651
    0.01811769
    0.06640381
    0.05587375
    0.08472788
    0.00517384
    0.01549919
    0.02769289
    0.04185275
    0.07945039
    0.00411083
    0.02274417
    0.07241497
    0.10242329
    0.03244796
    0.02936615
    0.08635182
    0.06126688
    0.03996576
    0.02564933
    0.02344542
    0.02354958
   -0.01190643
    0.02958809
   -0.00218943
    0.05146144
    0.04891281
    0.02439304
   -0.02407467
    0.00009825
    0.03990454
    0.04730837
    0.09078474
   -0.15066218
   -0.11768815
   -0.11149618
   -0.12490051
   -0.10955601
   -0.11529406
   -0.10934044
