           1           2   1.02652776532406     
           2           3   1.46578688342943     
           3           4   1.28598502715141     
           4           5   1.29619349424718     
           5           6   1.30312411622520     
           6           7   1.28017928103389     
           7           8   1.50622802013796     
           8           9   1.30201218006848     
           9          10   1.16439791634253     
          10          11   1.00564602129161     
          10          12   1.00384166492913     
           9          13   1.32522405638719     
           6          14   1.23104801631105     
          13          14   1.43667466009238     
          14          15   1.05414306627107     
           4          16   1.23330250182503     
          15          16   1.05625962921445     
          16          17   1.42433212848922     
           2          18   1.29733746712379     
          17          18   1.35159067866495     
          18          19   1.14011646370482     
           1          20  0.969420842942091     
           1          21  0.972271755778554     
           1          22  0.983421156167478     
           3          23  0.962552508956980     
           7          24  0.964969811585384     
           8          25  0.966650767019196     
          11          26  0.976708826481712     
          11          27  0.980396159282444     
          11          28  0.975266433721214     
          12          29  0.980294844980495     
          12          30  0.975383121423710     
          12          31  0.976070305626231     
          13          32  0.964517522340993     
          17          33  0.966198820399062     
          19          34  0.955670681583000     
          19          35  0.949181204750028     
          36          37  0.902438089283268     
          37          38  0.737336504876446     
          36          39  0.882352002507975     
          37          39  0.590664769946928     
          37          40  0.136398550011108     
          38          40   1.11713016216132     
          37          41  0.545560482926107     
          38          41  0.446754334235920     
          40          41  0.430994721902564     
          41          42   1.06471123742311     
          42          43  0.985571712105352     
          40          44  0.629017481132149     
          41          44  0.771158418658861     
          42          44  0.150952717481447     
          42          45  0.101574763605579     
          43          45   1.00646254337685     
          39          46  0.842537872345974     
          39          47  0.834476279203440     
          46          47  0.839377084882122     
          40          48  0.804843907765210     
          44          48  0.373314136135797     
          47          48  0.768897765139504     
          39          49  0.127001157968056     
          46          49  0.795978454898025     
          47          49  0.882747847679984     
          48          50  0.848919017325867     
          44          51  0.696428282708688     
          48          51  0.437296139777024     
          50          51  0.637281478286814     
          44          52  0.779462699492838     
          45          52  0.192172996745086     
          51          52  0.589092388647465     
          43          53  0.109428447221601     
          45          53  0.978523885249463     
          52          53  0.971414718375204     
          50          54  0.454053332431048     
          51          54  0.951538467627795     
          52          54  0.664932198932610     
          53          55  0.949766604071375     
          49          56  0.753012403031489     
          49          57  0.699887733706642     
          56          57  0.827317612584797     
          50          58  0.679949096185691     
          57          58   1.00228548364698     
          56          59  0.821664458208963     
          57          59  0.692750958730704     
          58          60  0.900234058375752     
          50          61  0.562947507109758     
          54          61  0.435000823564885     
          58          61  0.611783634122822     
          60          61  0.683943542103054     
          54          62  0.772359006634140     
          61          62  0.523743522668064     
          53          63  0.187217239362654     
          55          63   1.12811814138413     
          62          63  0.963053789312292     
          60          64  0.391096696245635     
          61          64  0.586019476872821     
          62          64  0.767688108058847     
          55          65  0.108551360475463     
          62          65  0.197794513480817     
          63          65  0.777000502620606     
          64          65  0.264058550640581     
          59          66  0.775270420823453     
          59          67  0.855190718345780     
          66          67  0.750687246332646     
          60          68  0.699857179665002     
          67          68  0.876660506730011     
          59          69  0.165355802670183     
          66          69  0.995122770215213     
          67          69  0.923902702095679     
          68          69  0.224896474668800     
          68          70  0.859526581621506     
          60          71  0.607757248603362     
          64          71  0.291928681000064     
          68          71  0.646994991012277     
          70          71  0.757542946852328     
          64          72  0.620155547604614     
          71          72  0.443469121002039     
          64          73  0.488173874002807     
          65          73  0.969281100946251     
          72          73  0.706239245822024     
          70          74  0.678244083695329     
          71          74  0.754507988277435     
          72          74  0.757273174195249     
          72          75  0.934130199493511     
          73          75   1.14091911780920     
          74          75  0.181221668216955     
          36          76  0.954349290922329     
          36          77  0.535579469845709     
          37          77  0.423667499428870     
          38          78  0.952855241035699     
          42          79  0.913802380189489     
          43          80  0.939702373419765     
          45          81  0.924261849971491     
          46          82  0.922882659839286     
          55          83  0.955389916567627     
          56          84  0.920771613443681     
          65          85  0.942356642273271     
          66          86  0.915247459649089     
          69          87  0.977817093008643     
          70          88  0.955488283481251     
          74          89  0.956081435625034     
          75          90  0.975307848970088     
