   -0.47570653
    0.18812785
    0.07838217
   -0.39956817
    0.10296539
    0.00033509
   -0.08697297
    0.10437608
   -0.40802888
    0.08309252
   -0.40789931
    0.12111310
   -0.38759863
   -0.07129232
   -0.22425949
    0.13204713
   -0.11367410
    0.14638580
   -0.38147246
   -0.08866957
    0.15632578
   -0.38936183
   -0.08386961
    0.32769267
    0.05238824
    0.30972316
    0.32667424
    0.32530868
    0.06901112
    0.04821928
    0.30599150
    0.07837876
    0.34322147
    0.06488926
    0.06877333
    0.03164080
    0.04140913
    0.05937539
    0.02541785
    0.05273871
    0.08828912
    0.03262357
    0.07133292
    0.05471188
    0.02285605
   -0.00310341
    0.04744110
    0.06006967
    0.04803361
    0.04773108
    0.02390134
    0.01916754
    0.05689269
    0.06523704
    0.02316677
   -0.00673124
    0.05117670
    0.02583033
    0.10582523
    0.01356055
    0.03131876
    0.06172445
    0.06613054
    0.04578865
    0.03116584
    0.02045390
    0.09114563
    0.07490495
    0.09900028
    0.04458254
    0.01452155
    0.07752001
    0.05241750
   -0.12015296
    0.03303443
   -0.14534845
   -0.13350767
   -0.12001879
   -0.11762589
   -0.10617930
   -0.13541556
   -0.09110381
   -0.15193526
   -0.09558367
   -0.13358903
   -0.11173847
   -0.11365837
   -0.14149499
