           1           2   1.57730769780321     
           2           3   1.07794072231769     
           3           4   1.06945522584424     
           3           5   1.54886604439846     
           5           6   1.04807780023287     
           6           7   1.37008592521516     
           7           8   1.39134587037322     
           8           9   1.04847118420742     
           8          10   1.32504809810878     
          10          11   1.05188771073239     
          10          12   1.31794464282924     
          12          13   1.07917107659464     
           6          14   1.37922606436611     
          12          14   1.38432503256283     
           5          15   1.03344737844086     
          15          16   1.06500577359756     
          16          17   1.36848160301141     
          17          18   1.36471075765771     
          18          19   1.08247433079745     
          18          20   1.36002179889426     
          20          21   1.39016246099050     
          21          22   1.12539624327275     
           2          23   1.10385379749172     
          16          23   1.30317873147888     
          21          23   1.27031634781186     
           4          24  0.862748579768331     
           7          25  0.963577118620787     
           9          26  0.881447641280628     
          11          27  0.868305292055675     
          13          28  0.871255238540216     
          14          29  0.965312040557233     
          17          30  0.963498675357941     
          19          31  0.885223726935204     
          20          32  0.962748158120099     
          22          33  0.819625766715711     
          34          35  0.878283383492418     
          35          36  0.751725383950209     
          34          37  0.917041370223880     
          35          37  0.605754306955470     
          35          38  0.133067707578088     
          36          38   1.11991110690195     
          35          39  0.545127247033854     
          36          39  0.453863791846264     
          38          39  0.432031460329523     
          39          40   1.07963728107654     
          40          41  0.992681788881217     
          38          42  0.633639729528914     
          39          42  0.764381444572076     
          40          42  0.155154294600310     
          40          43  0.100326163539147     
          41          43   1.01472989497299     
          37          44  0.843197683130047     
          37          45  0.814417627116208     
          44          45  0.843837681142812     
          38          46  0.803103760887303     
          42          46  0.373885431776661     
          45          46  0.807350603963673     
          37          47  0.109037456621300     
          44          47  0.792439519042795     
          45          47  0.860362776128472     
          46          48  0.836253287758489     
          42          49  0.700028761619435     
          46          49  0.435637059831904     
          48          49  0.635836234795106     
          42          50  0.779088474375449     
          43          50  0.191514331530680     
          49          50  0.593981075003918     
          41          51  0.108080451720134     
          43          51  0.985321923842086     
          50          51  0.969024263611338     
          48          52  0.458025336239475     
          49          52  0.950018667530094     
          50          52  0.666001641359432     
          51          53  0.960440236867626     
          47          54  0.776358323512983     
          47          55  0.717122098380927     
          54          55  0.798648208414594     
          48          56  0.681548491372890     
          55          56   1.00992690530180     
          54          57  0.840457226567453     
          55          57  0.701202335099044     
          56          58  0.893374485026362     
          48          59  0.567778820296095     
          52          59  0.437399189249020     
          56          59  0.607169839414348     
          58          59  0.682977745780251     
          52          60  0.774167315085611     
          59          60  0.522481161970661     
          51          61  0.181590549760539     
          53          61   1.13859004741971     
          60          61  0.967145231187908     
          58          62  0.391575604936090     
          59          62  0.585937856943749     
          60          62  0.773952560461467     
          53          63  0.112145424574694     
          60          63  0.196701329010172     
          61          63  0.780367587074902     
          62          63  0.266563644085821     
          57          64  0.758207902674292     
          57          65  0.842737000125492     
          64          65  0.752609993712222     
          58          66  0.700708266103896     
          65          66  0.890859203240873     
          57          67  0.145420602374078     
          64          67   1.01872641147700     
          65          67  0.927448253059775     
          66          67  0.229322276248986     
          66          68  0.861730807888397     
          58          69  0.614712513716658     
          62          69  0.291652412969410     
          66          69  0.633545774118589     
          68          69  0.764886596458732     
          62          70  0.617383534698025     
          69          70  0.440343536806047     
          62          71  0.486246809726154     
          63          71  0.971709902740435     
          70          71  0.706162399343565     
          68          72  0.686952180512674     
          69          72  0.763408705484739     
          70          72  0.762757516732341     
          70          73  0.951611846849249     
          71          73   1.16559355944521     
          72          73  0.186824119894638     
          34          74  0.951463446843377     
          34          75  0.537167599897829     
          35          75  0.425888020673182     
          36          76  0.948915981114057     
          40          77  0.911924131675757     
          41          78  0.939214685987719     
          43          79  0.924023902703281     
          44          80  0.927461181928582     
          53          81  0.952364820793070     
          54          82  0.921024158624390     
          63          83  0.939272573779020     
          64          84  0.918892626881991     
          67          85  0.972580370989139     
          68          86  0.953002079502367     
          72          87  0.953248610294185     
          73          88  0.968802230663990     
