   -0.05877090
   -0.24698242
    0.11224431
   -0.09202017
   -0.06834665
   -0.01578169
   -0.02940563
    0.10170780
   -0.27969820
    0.10436544
   -0.12742653
    0.18764075
   -0.45726877
   -0.09697901
   -0.05954580
    0.00580647
   -0.12942711
   -0.03375288
   -0.17157484
   -0.07215532
    0.00255063
    0.00792362
    0.12610002
    0.09892752
    0.03836430
    0.02618315
    0.01410076
    0.10596040
    0.05307920
    0.03212341
    0.01455811
    0.12997841
    0.06049414
    0.00150725
    0.08402501
    0.07203952
    0.03028925
    0.00311675
    0.02496015
    0.01251102
   -0.00735184
    0.02202531
    0.02860142
    0.02243878
    0.01760815
    0.00752365
    0.00635900
   -0.01343299
    0.00964188
    0.00691292
    0.00027064
    0.04769676
   -0.01362466
    0.06238347
    0.02197164
    0.02721300
    0.04277424
   -0.06987395
   -0.00354885
   -0.10304768
   -0.06437324
   -0.04617663
   -0.03856862
    0.01469293
   -0.01273222
    0.06252709
    0.02273649
    0.04661452
    0.03616694
   -0.04326957
    0.00819365
   -0.01386252
    0.00072333
    0.01034448
    0.00727639
   -0.00900356
   -0.00205609
    0.03373190
    0.04388123
    0.03233110
    0.02406918
   -0.00519916
    0.04062437
    0.03937897
    0.04344137
    0.03366407
    0.03753890
    0.04381460
    0.03882958
    0.04322020
    0.04323110
    0.03515452
    0.11402878
   -0.08251133
    0.01048007
    0.01142524
   -0.07998502
   -0.08003175
   -0.00868999
   -0.01562372
