           1           2  0.982447266212573     
           2           3   1.05383446124039     
           3           4   1.36877196133831     
           4           5   1.42564533543429     
           5           6   1.40755422112549     
           6           7   1.39200500437372     
           3           8   1.32518206103067     
           7           8   1.34162367486277     
           8           9   1.03288526923815     
           9          10  0.937581310880180     
          10          11   1.00087339906486     
          11          12  0.977416935943183     
          12          13   1.65359931645458     
          12          14   1.10547912579989     
          14          15   1.68009960228701     
           7          16  0.990306582821989     
          10          16  0.949700090757492     
          15          16  0.993248229942698     
          16          17  0.928032924516370     
          17          18  0.992738599385346     
          18          19  0.996687460661926     
          19          20   1.01076041031558     
           6          21   1.00440894400219     
          19          21  0.988911570991546     
           1          22  0.977486684221803     
           1          23  0.973887162921638     
           1          24  0.979788614098766     
           4          25  0.966429924349470     
           5          26  0.968896608574455     
          10          27  0.960300029402436     
          11          28  0.892853310444995     
          11          29  0.961345754101277     
          14          30  0.966539150221634     
          15          31  0.963910418177305     
          17          32  0.598761158562986     
          17          33  0.908182460147097     
          18          34  0.962235851186723     
          18          35  0.965299885528816     
          20          36  0.977248501333291     
          20          37  0.980679984439411     
          20          38  0.976970542274528     
          21          39  0.970821381619842     
          21          40  0.955287206107444     
          44          45   1.01100278407123     
          41          47  0.843657694923268     
          42          47  0.503767239158157     
          42          48  0.562858764009972     
          43          49  0.454697994653134     
          48          49  0.679048432203954     
          43          50  0.484370620424507     
          44          50  0.573607748227475     
          49          50  0.504984112466150     
          45          51  0.683322838918143     
          46          52  0.796182705804010     
          47          53  0.833374748269680     
          47          54  0.387044747707666     
          48          54   1.11558348856074     
          53          54  0.694764775219694     
          49          55   1.03396631321478     
          49          56  0.224875696355050     
          50          56  0.616566727236276     
          55          56  0.476628839063423     
          51          57   1.10768523919242     
          52          57  0.521331728741449     
          46          58  0.820407965993963     
          52          58  0.835783388675366     
          53          59  0.749638543418093     
          53          60  0.558621557136218     
          54          60  0.933011676826868     
          17          61  0.189523302283641     
          32          61  0.255552643061737     
          55          61  0.862615518819693     
          55          62  0.583070886240542     
          56          62   1.10237407050462     
          61          62  0.499503063423382     
          57          63  0.821145210944869     
          52          64  0.687052988473143     
          57          64  0.612867337589086     
          58          64  0.678675892792152     
          63          64  0.537438820984338     
          59          65  0.832929440228107     
          60          66   1.26581106241135     
          61          67   1.02454243956578     
          61          68  0.396890157509904     
          62          68  0.966758188419454     
          67          68  0.455911906658521     
          63          69  0.863754280568560     
          63          70  0.507611017027919     
          64          70  0.866199371567301     
          65          71  0.721890902663953     
          66          72   1.33414762727441     
          67          73   1.01851395026365     
          67          74  0.537349952499427     
          68          74  0.639580032941456     
          73          74  0.523071790469827     
          69          75   1.01406777679043     
          63          76  0.565241723083180     
          69          76  0.633791288112695     
          70          76  0.890180986824582     
          71          77   1.23173734245680     
          72          78  0.685353283299064     
          77          78  0.146102945197524     
          73          79  0.649541646691145     
          74          80  0.519778773990717     
          75          81  0.631507459005804     
          80          81   1.08811002420789     
          69          82  0.524821540606988     
          76          82   1.21590464486074     
          41          83   1.43880273538974     
          42          83   1.11952471701818     
          47          83  0.795783401041441     
          42          84  0.995396524235599     
          43          84   1.01079494734803     
          48          84  0.775293690215453     
          49          84  0.495344236028350     
          43          85   1.26705421960733     
          44          85   1.28012856570335     
          50          85  0.601219349415157     
          44          86  0.362426107485458     
          45          86  0.487174266401500     
          50          86  0.614605630187855     
          51          86  0.913588953940129     
          56          86  0.896928602597333     
          45          87   1.09640470355330     
          46          87  0.852580348477064     
          51          87  0.513306981061909     
          52          87  0.592309370950110     
          57          87  0.179347196393560     
          66          88  0.158088202085606     
          71          88  0.715742421602563     
          72          88  0.604423972300460     
          77          88  0.855135340095963     
          78          88   1.10622926065541     
          72          89  0.577745550655509     
          73          89  0.575566154462196     
          78          89   1.16747798636932     
          79          89   1.12752217373084     
          73          90  0.442802170273016     
          74          90  0.504744146121833     
          79          90   1.19970126675064     
          80          90   1.12385767498948     
          68          91  0.787322206301440     
          74          91  0.614164300090930     
          75          91   1.01512535501126     
          80          91  0.398152708817395     
          81          91  0.507140401251313     
          69          92  0.321696922517042     
          75          92  0.510383568590810     
          81          92   1.02970631149473     
          82          92   1.29341915685740     
          53          93  0.494347462867088     
          59          93  0.732410678724168     
          60          93  0.542974826583345     
          65          93  0.775301155487050     
          66          93  0.204432308936722     
          71          93  0.689604543471787     
          41          94  0.957347894954045     
          59          95  0.939879339322795     
          65          96  0.942063406216791     
          77          97  0.956832546908495     
          46          98  0.940719334502156     
          58          99  0.952052803049026     
          70         100  0.924564508735158     
