   -0.45558092
    0.35082835
   -0.37613882
   -0.06006889
   -0.03884940
    0.06138003
   -0.12701359
   -0.12819194
    0.06508310
   -0.05447601
   -0.04500486
    0.00323879
    0.00257634
   -0.04023706
   -0.04507266
    0.07334286
   -0.13531151
   -0.13844525
    0.06966570
   -0.03918934
   -0.05940523
    0.35167336
   -0.45384402
   -0.37660128
    0.15335645
   -0.39597061
   -0.05343474
   -0.03261053
   -0.04255006
   -0.04019847
   -0.03767324
   -0.04552282
   -0.04200391
   -0.05722140
    0.15106569
   -0.39919507
    0.33168135
    0.06045411
    0.02456659
    0.02828052
    0.03113831
    0.03624619
    0.06294310
    0.33206143
    0.33449746
    0.06152029
    0.04980349
    0.03471145
    0.03057009
    0.03375514
    0.03517477
    0.04227447
    0.05816100
    0.33480931
    0.11748964
    0.03896351
   -0.01258426
    0.02397278
   -0.03683237
    0.01785802
    0.06647946
    0.01173329
    0.06709214
    0.03063953
    0.00757678
    0.05748475
    0.09022392
    0.06951378
    0.06708209
    0.05065168
    0.06545274
    0.11129620
    0.03864333
    0.04226926
    0.08250349
    0.03130704
    0.04817958
    0.04453270
    0.01761630
   -0.01637127
    0.00949734
   -0.01028503
    0.02289466
    0.03353440
    0.10909931
    0.08354441
    0.05524972
    0.04125151
    0.03167893
    0.04482810
    0.04826350
    0.08774539
    0.08398914
    0.01353854
    0.01683019
    0.01014040
    0.03020745
    0.00224288
    0.02009932
    0.00973036
    0.01198821
    0.13957626
   -0.12945717
   -0.09490196
   -0.12646415
   -0.14092614
   -0.12171493
   -0.13380092
   -0.10471257
   -0.14297278
   -0.11951511
   -0.13340277
   -0.12986991
   -0.13572878
