           1           2   1.64516459491747     
           1           3  0.151196174745205     
           2           3   1.12205222798600     
           2           4   1.05459113222916     
           4           5   1.35846790858923     
           5           6   1.38956895972134     
           6           7   1.08290845461221     
           7           8   1.67685207116986     
           8           9   1.08175609943535     
           9          10   1.36552055301012     
          10          11   1.44061627233014     
          11          12   1.38003008353092     
          12          13   1.03933053703244     
          13          14   1.38154404759004     
          14          15   1.45936390840482     
          15          16   1.35671592508052     
          16          17   1.09630592230952     
          17          18   1.63206982675812     
          18          19   1.08646423574362     
          19          20   1.38964593679068     
          20          21   1.35717240121697     
          21          22   1.05809559542549     
          22          23   1.64256002138117     
          22          24   1.11667605808635     
          23          24  0.149054728925748     
          21          25   1.29617184346508     
          25          26   1.10972975280916     
          20          27  0.103071336586803     
          25          27   1.36163401736967     
          19          28   1.33703073540042     
          27          28   1.45955188123599     
          14          29  0.102758074005967     
          16          29   1.35320332985091     
          13          30   1.38281789570852     
          15          30  0.104243390873577     
          29          30   1.45824722980774     
          10          31  0.105240016213281     
          12          31   1.38575137263708     
           9          32   1.35583049697706     
          11          32  0.103538046651045     
          31          32   1.45267744235772     
           6          33   1.33813508434271     
           5          34  0.105635382124485     
          33          34   1.45559354211072     
           4          35   1.29874146561883     
          34          35   1.36367768616846     
          35          36   1.10764368673153     
           3          37  0.866474257270605     
           5          38  0.965892548043662     
          10          39  0.966813141239805     
          11          40  0.902261202898616     
          14          41  0.969437525162105     
          15          42  0.970070079165875     
          20          43  0.966142154366484     
          24          44  0.866829423118862     
          26          45  0.829115468739171     
          27          46  0.966059021200321     
          28          47  0.969272525705865     
          29          48  0.969511584063566     
          30          49  0.969450352796699     
          31          50  0.968874023993094     
          32          51  0.970386877711083     
          33          52  0.969445486149813     
          34          53  0.965461583981633     
          36          54  0.828694814561120     
          58          59   1.01777523283854     
          55          61  0.826975475944925     
          56          61  0.508175606549154     
          56          62  0.555530889170326     
          57          63  0.447014989427730     
          62          63  0.694809101729006     
          57          64  0.486660139231218     
          58          64  0.562012325217388     
          63          64  0.517491302365839     
          59          65  0.682768375987537     
          60          66  0.800275242317568     
          61          67  0.835568035935912     
          61          68  0.393289489288071     
          62          68   1.09995034790889     
          67          68  0.690926423704288     
          63          69  0.965841847445098     
          63          70  0.232461221384997     
          64          70  0.623191480659464     
          69          70  0.422065765689762     
          65          71   1.10894594691674     
          66          71  0.514561930823900     
          60          72  0.805801876017527     
          66          72  0.844310534799333     
          67          73  0.754957543800294     
          67          74  0.553703413212137     
          68          74  0.929387293636860     
          69          75   1.05495766274136     
          69          76  0.592304897636979     
          70          76   1.11148880877183     
          75          76  0.550720034598156     
          71          77  0.830066774007479     
          66          78  0.686190483628216     
          71          78  0.606677570081437     
          72          78  0.673610239780767     
          77          78  0.543597616033778     
          73          79  0.822160710064763     
          74          80   1.26887129937925     
          75          81   1.15794860337845     
          75          82  0.396357514329614     
          76          82  0.969962953503167     
          81          82  0.457358497961937     
          77          83  0.860868002777482     
          77          84  0.499913812528348     
          78          84  0.868562257168106     
          79          85  0.729925515501472     
          80          86   1.33022978346943     
          81          87   1.01378627124454     
          81          88  0.508149113864090     
          82          88  0.655513573141775     
          87          88  0.538584325963844     
          83          89   1.00564236723848     
          77          90  0.561650453149890     
          83          90  0.631705064033051     
          84          90  0.886770376687056     
          85          91   1.21892982539977     
          86          92  0.684370131953983     
          91          92  0.145495578936852     
          87          93  0.645403023063330     
          88          94  0.524759552327806     
          89          95  0.631619528171253     
          94          95   1.07854674091851     
          83          96  0.543943981160654     
          90          96   1.22963283769229     
          55          97   1.41158863272836     
          56          97   1.11911106934107     
          61          97  0.782172178527228     
          56          98  0.983854073992802     
          57          98   1.01172797106652     
          62          98  0.761627471870165     
          63          98  0.503038278287809     
          57          99   1.27330820921792     
          58          99   1.28233746591487     
          64          99  0.591493762898418     
          58         100  0.359705556814766     
          59         100  0.484767454316135     
          64         100  0.618682847603886     
          65         100  0.917641366899566     
          70         100  0.905811839508449     
          59         101   1.08857348386389     
          60         101  0.853955416743365     
          65         101  0.505774693508316     
          66         101  0.595003221890411     
          71         101  0.183253757270264     
          80         102  0.155760390242265     
          85         102  0.706832418873067     
          86         102  0.608577899475397     
          91         102  0.840464396075128     
          92         102   1.11121741582968     
          86         103  0.570682959291982     
          87         103  0.578790009415302     
          92         103   1.15539060958786     
          93         103   1.13559139158612     
          87         104  0.449664646401237     
          88         104  0.509606585988415     
          93         104   1.20590647711452     
          94         104   1.12173983580350     
          82         105  0.779031910578767     
          88         105  0.627957077595809     
          89         105   1.01818120022246     
          94         105  0.396530398564040     
          95         105  0.499000905845058     
          83         106  0.324534742558451     
          89         106  0.532221307030821     
          95         106   1.05341498534944     
          96         106   1.25888182111216     
          67         107  0.496237383400665     
          73         107  0.723390093558798     
          74         107  0.544678671612101     
          79         107  0.768417232587857     
          80         107  0.204350052226138     
          85         107  0.694667745800411     
          55         108  0.962538707454688     
          73         109  0.941448465399489     
          79         110  0.943769986648386     
          91         111  0.959467657140827     
          60         112  0.942057700999769     
          72         113  0.954535446980822     
          84         114  0.925861107809937     
