   -0.09875330
    0.00884446
    0.01284805
   -0.03730746
   -0.02946324
   -0.02843157
    0.33518132
   -0.45162993
   -0.39765285
   -0.03458669
   -0.04074066
    0.00147417
   -0.04637641
   -0.00433368
   -0.00446151
   -0.05561044
    0.00629339
   -0.10888742
    0.02260481
   -0.11296132
   -0.10906590
   -0.06303804
   -0.06281339
    0.02298177
   -0.10198036
   -0.10638047
    0.03066756
    0.02782794
    0.03315666
    0.05187615
    0.33128598
    0.04871718
    0.02986981
    0.03205613
    0.03112800
    0.04384354
    0.03770281
    0.04644095
    0.03402138
    0.03484250
    0.03716343
    0.03338536
    0.03673197
    0.03477698
    0.02785468
    0.03522018
    0.03206747
    0.02863611
    0.03294678
    0.03314892
    0.03514916
    0.03679539
    0.03357397
    0.03016278
    0.11558730
    0.02998240
   -0.01798607
    0.01534536
   -0.04477282
    0.01507738
    0.06226939
    0.00028956
    0.05811725
    0.02161282
    0.00345676
    0.05467673
    0.08915410
    0.06802771
    0.06074714
    0.04773453
    0.05897933
    0.10907886
    0.03261855
    0.03992308
    0.08162355
    0.02897931
    0.04731021
    0.04244164
    0.00944063
   -0.02043040
    0.00698261
   -0.01217051
    0.01868035
    0.03121958
    0.10318905
    0.07860507
    0.05376147
    0.03796021
    0.02934765
    0.04253529
    0.04636064
    0.08681502
    0.07967396
    0.00762854
    0.01020968
    0.00533591
    0.02352348
   -0.00069918
    0.01494624
    0.00610252
    0.00882927
    0.13854975
   -0.13689953
   -0.10010124
   -0.13295610
   -0.15175096
   -0.13176907
   -0.14213871
   -0.11863497
   -0.15007929
   -0.13112055
   -0.13951762
   -0.13620574
   -0.15230021
