           1           2   1.85566976458666     
           2           3   1.04151538789549     
           3           4   1.36679210818547     
           4           5   1.47195000882618     
           5           6   1.35956000031958     
           6           7   1.03188836218166     
           7           8   1.68954097626825     
           7           9   1.10016466842635     
           8           9  0.156390810982182     
           6          10   1.36178404421489     
           3          11   1.37021236439071     
          10          11   1.46989730381556     
           2          12   1.00849336685419     
          12          13   1.40818867333042     
          13          14   1.40795438372023     
          12          15  0.100331082390528     
          14          15   1.39372601674706     
          13          16  0.108236221071646     
          15          16   1.40714388918108     
          12          17   1.36914267869986     
          16          17   1.42158531408338     
          17          18   1.02402158109250     
          15          19  0.983431880310413     
          19          20  0.985583012111055     
          19          21  0.990076153368088     
          19          22  0.984720494450514     
          22          23   1.01129653270656     
          14          24  0.983040069912202     
          23          24  0.984671191837766     
          24          25  0.985407236798387     
          24          26  0.990021791180917     
           1          27  0.975745914238671     
           1          28  0.977950640572382     
           4          29  0.968869056784455     
           5          30  0.966955675822657     
           9          31  0.868268480810584     
          10          32  0.967531073979889     
          11          33  0.970100538224922     
          13          34  0.965362289270567     
          16          35  0.963549723693850     
          18          36  0.977047472760196     
          18          37  0.984545702807404     
          18          38  0.969944995601629     
          20          39  0.983902547713926     
          20          40  0.983959636045428     
          20          41  0.984966538796261     
          21          42  0.987019024359907     
          21          43  0.982687963964256     
          21          44  0.985153465962597     
          22          45  0.974489691361311     
          22          46  0.972756755907821     
          23          47  0.972597524302042     
          23          48  0.974495627083830     
          25          49  0.984099535099923     
          25          50  0.984240295516253     
          25          51  0.984968974981525     
          26          52  0.982634633981244     
          26          53  0.985152070517924     
          26          54  0.987007574765021     
          55          56  0.875636055756437     
          56          57  0.753655039676574     
          55          58  0.920538704735366     
          56          58  0.607104091650774     
          56          59  0.132811245954551     
          57          59   1.12045863811028     
          56          60  0.545522995520225     
          57          60  0.454133501168904     
          59          60  0.432032763402211     
          60          61   1.08198336231004     
          61          62  0.994499624077980     
          59          63  0.633884694416558     
          60          63  0.763001261096508     
          61          63  0.156195518037898     
          62          64   1.01695896491231     
          58          65  0.843213512958121     
          58          66  0.812708621226421     
          65          66  0.844249207603944     
          59          67  0.802986006425152     
          63          67  0.374108955799919     
          66          67  0.811377953169582     
          58          68  0.107965264124921     
          65          68  0.792042474180352     
          66          68  0.858212670789724     
          67          69  0.835210388828609     
          63          70  0.700364016697906     
          67          70  0.435259818068994     
          69          70  0.634992381965561     
          63          71  0.779316053736609     
          64          71  0.191611221903635     
          70          71  0.594439107460683     
          62          72  0.107404775055432     
          64          72  0.986319613622370     
          71          72  0.968932486701071     
          69          73  0.458139315510686     
          70          73  0.950714017666698     
          71          73  0.665677082790472     
          72          74  0.961432058522007     
          68          75  0.778951031145090     
          68          76  0.719433463618283     
          75          76  0.796059213974533     
          69          77  0.681805362548376     
          76          77   1.01059462719866     
          75          78  0.842666183785542     
          76          78  0.702157641846433     
          77          79  0.892965945064641     
          69          80  0.568745099058701     
          73          80  0.436857307774733     
          77          80  0.607001962001929     
          79          80  0.682825995223875     
          73          81  0.774873862401408     
          80          81  0.522377884128678     
          72          82  0.181172138240748     
          74          82   1.13933030523193     
          81          82  0.967071924732103     
          79          83  0.391555017170173     
          80          83  0.586110672608436     
          81          83  0.773994020487564     
          74          84  0.112942225837585     
          81          84  0.196521187550310     
          82          84  0.780271345697408     
          83          84  0.266893892124904     
          78          85  0.757035216002897     
          78          86  0.841683234020979     
          85          86  0.753122027715191     
          79          87  0.700716497748098     
          86          87  0.892068682979268     
          78          88  0.143843265952179     
          85          88   1.02139676989253     
          86          88  0.927320045520612     
          87          88  0.230110783390902     
          87          89  0.861583027959950     
          79          90  0.615241391338605     
          83          90  0.291612831915333     
          87          90  0.632766950390381     
          89          90  0.764955169790786     
          83          91  0.617000720239666     
          90          91  0.440530416413800     
          83          92  0.486087970618028     
          84          92  0.971944483089348     
          91          92  0.706221606399497     
          89          93  0.687108574740872     
          90          93  0.763530127460649     
          91          93  0.762906981656778     
          91          94  0.951653552698968     
          92          94   1.16665958794297     
          93          94  0.187257301490953     
          55          95  0.951238468525894     
          55          96  0.537459259575833     
          56          96  0.425990282550415     
          57          97  0.948341517170940     
          61          98  0.911749354467831     
          62          99  0.938884630448262     
          64         100  0.924486638114979     
          65         101  0.927712550963646     
          74         102  0.951925275119565     
          75         103  0.920897429807624     
          84         104  0.939005607135813     
          85         105  0.919192101447607     
          88         106  0.972142849037584     
          89         107  0.952797512491323     
          93         108  0.953048563381071     
          94         109  0.968401807686105     
