   -0.05118753
   -0.10471645
   -0.05774736
    0.04588398
   -0.06832751
   -0.05972452
    0.07627003
   -0.31830066
    0.07612035
   -0.05962323
   -0.06773260
    0.04613485
   -0.10814031
   -0.04832412
   -0.04662226
   -0.08828397
   -0.00145059
   -0.11617040
    0.00012312
   -0.09204504
    0.05403719
    0.03933500
    0.04756263
    0.04938081
    0.03987711
    0.05153044
    0.03071356
    0.04698755
    0.04615849
    0.02887358
    0.04341779
    0.04857857
    0.03978104
    0.05242031
    0.04622392
    0.03806718
    0.02242699
    0.03140109
    0.05460182
    0.03453143
    0.02798802
    0.01909548
    0.02983244
    0.04701013
    0.07131092
    0.02814521
    0.05665829
    0.10778895
    0.00722135
    0.08788541
    0.04309087
    0.00929694
    0.03052377
    0.00036256
    0.01746852
    0.08700063
    0.09241603
    0.00368731
    0.01060809
    0.01291351
    0.06880706
    0.05524627
    0.07232566
   -0.01428244
    0.02647011
    0.02807027
    0.04771465
    0.07522455
    0.04228726
    0.03947641
    0.06171478
    0.09698621
    0.02310478
    0.02070604
    0.04449071
    0.04251151
    0.01168789
    0.01516138
    0.03035746
    0.01984965
   -0.01347554
    0.03449615
    0.00073232
    0.04997831
    0.04963431
    0.07634637
    0.00188802
    0.01477974
    0.05136348
    0.03628471
    0.09209557
   -0.15566042
   -0.11607739
   -0.09259820
   -0.10465877
   -0.10847246
   -0.11286166
   -0.10405143
