           1           2   1.00889169766690     
           2           3   1.01905196946690     
           2           4   1.08973325794050     
           4           5   1.34100349560297     
           5           6   1.45442373992947     
           6           7   1.29736192486086     
           7           8   1.28040637542950     
           8           9   1.26506754476518     
           9          10   1.30503548716639     
          10          11   1.45035169021714     
          11          12   1.34190948618039     
          12          13   1.10247241636117     
          13          14   1.00834929066251     
          13          15   1.01243655382267     
          12          16   1.33120720065841     
           9          17   1.25152661769251     
          16          17   1.43126238352743     
          17          18   1.01956018395030     
           7          19   1.24461475310444     
          18          19   1.02453499795420     
           4          20   1.32854894717256     
          19          20   1.43242463137251     
           1          21  0.969585431837160     
           1          22  0.977922561299376     
           1          23  0.980334469642228     
           3          24  0.966520351164769     
           3          25  0.971797335630118     
           3          26  0.720414405459286     
           5          27  0.968723062031591     
           6          28  0.969058404028924     
          10          29  0.969036278457917     
          11          30  0.968703756071768     
          14          31  0.939260999401650     
          14          32  0.980898799811180     
          14          33  0.977405957139554     
          15          34  0.978028663951935     
          15          35  0.981902920391418     
          15          36  0.977484074324949     
          16          37  0.963901570100997     
          20          38  0.962738409176166     
          39          40  0.115313832194155     
          40          41  0.148559069778712     
          41          42  0.150473001042862     
          42          43  0.138708215950676     
          43          44  0.180803451500014     
          39          45   1.07823178126060     
          40          46  0.922674439876435     
          41          47  0.918888567602867     
          42          48  0.917608961373429     
          43          49  0.916670747336548     
          44          50   1.00403595370538     
          39          51  0.111878426510673     
          45          51   1.19084461041225     
          46          52   1.15982034553076     
          47          53   1.15512470232384     
          48          54   1.14983186019807     
          49          55   1.15002592315482     
          44          56  0.107248787240563     
          50          56   1.24544860744363     
          51          57  0.957318128137670     
          52          58   1.30010351031311     
          53          59   1.44159186967982     
          54          60   1.42443899330327     
          59          60  0.108260504575891     
          55          61   1.42391132373755     
          60          61  0.112528815715643     
          50          62  0.108586058580733     
          56          62   1.25615360056068     
          57          63  0.967801305988831     
          26          64  0.181986994901057     
          52          64  0.128187603396362     
          58          64   1.18213631102065     
          53          65  0.235478122045024     
          59          65   1.43837645900208     
          54          66  0.218381484462141     
          60          66   1.41879740250164     
          55          67  0.213758065244728     
          61          67   1.41330902671691     
          56          68  0.110740301157381     
          62          68   1.32701163313155     
          63          69   1.18890263971627     
          64          70   1.08933830126375     
          65          71   1.15757617609084     
          66          72   1.15674473574413     
          67          73   1.16202979099907     
          68          74   1.04827174493583     
          63          75  0.103474132310856     
          69          75   1.08081020027245     
          70          76  0.964899375036427     
          75          76  0.108567752859665     
          71          77  0.925268924996699     
          76          77  0.141911683427703     
          72          78  0.922025531699715     
          77          78  0.154271282032190     
          73          79  0.915651728520131     
          78          79  0.128135018241695     
          74          80   1.58535661020037     
          79          80  0.197999875172751     
          39          81  0.950072482347890     
          40          81  0.975651494436177     
          45          81  0.722814958959413     
          46          81  0.681112150065813     
          40          82   1.00431126114599     
          41          82  0.982790724941842     
          46          82  0.677192903162021     
          47          82  0.653290190283711     
          41          83   1.02660053713713     
          42          83  0.978943112883855     
          47          83  0.662444249415851     
          48          83  0.661741090790832     
          42          84  0.991604027923999     
          43          84   1.00510600684782     
          48          84  0.660362370820566     
          49          84  0.670261649731267     
          43          85  0.943934030435186     
          44          85   1.08938206627745     
          49          85  0.650966138288208     
          50          85  0.695398326720281     
          69          86  0.720407113487351     
          70          86  0.687043860476375     
          75          86  0.953787150246653     
          76          86  0.978202254605973     
          70          87  0.701579595996146     
          71          87  0.655058543040482     
          76          87  0.998181293304424     
          77          87  0.973059307590698     
          71          88  0.660183132577985     
          72          88  0.664506842527223     
          77          88   1.03752531781735     
          78          88  0.963421657421755     
          72          89  0.659631894640929     
          73          89  0.683909323049593     
          78          89   1.02070863267059     
          79          89  0.958985296376035     
          73          90  0.633386229603363     
          74          90  0.689515272916506     
          79          90  0.986321480604810     
          80          90   1.12999950407585     
          51          91  0.382888149653919     
          52          91  0.382296640398901     
          57          91   1.01608674903002     
          58          91  0.906488859318465     
          63          91  0.364527161251235     
          64          91  0.320679193368302     
          39          92  0.866267712125342     
          45          93  0.108907750204957     
          51          93  0.692755996896536     
          57          93  0.143516455930622     
          57          94  0.145454892211544     
          63          94  0.691137515909630     
          69          94  0.108734453982465     
          75          95  0.865946110559216     
          44          96  0.861620386050302     
          50          97  0.156479358764530     
          56          97  0.660166585708493     
          62          97  0.136149189060032     
          62          98  0.161705628783295     
          68          98  0.686402469268219     
