   -0.12895311
    0.12328602
   -0.29700186
    0.12811346
   -0.15197481
    0.06412829
   -0.07028735
   -0.03508748
   -0.01684777
    0.10422332
   -0.25296117
    0.16994627
   -0.21831101
   -0.07967388
   -0.07764310
    0.48691617
   -0.21802201
   -0.21694679
   -0.21747873
   -0.03900130
   -0.06582402
    0.08280069
    0.06437940
    0.06213062
    0.18836176
    0.03739924
    0.04949890
    0.08554617
    0.07078776
    0.07356000
    0.07731849
    0.11589045
    0.03062497
   -0.01634467
    0.01528724
   -0.04479115
    0.01457365
    0.06161024
    0.00098718
    0.05759884
    0.02333560
    0.00413461
    0.05434063
    0.08903182
    0.06767196
    0.05971144
    0.04653212
    0.05731291
    0.10865343
    0.03188953
    0.03936288
    0.08138173
    0.02890540
    0.04652582
    0.04475051
    0.00741713
   -0.02223071
    0.00649506
   -0.01239607
    0.01818817
    0.03143572
    0.10859932
    0.07718838
    0.05315654
    0.03659615
    0.02937529
    0.04269149
    0.04723751
    0.08714549
    0.07847008
    0.00623194
    0.00954466
    0.00513744
    0.02412493
   -0.00002238
    0.01558389
    0.00743887
    0.00991869
    0.13929707
   -0.13474542
   -0.09764468
   -0.13178709
   -0.15118131
   -0.13264196
   -0.13678165
   -0.11929395
   -0.15003163
   -0.13245796
   -0.13917555
   -0.13100649
   -0.15123624
