           1           2   1.03425891952494     
           2           3   1.46451972008945     
           3           4   1.25535191410158     
           4           5   1.16575484398511     
           5           6   1.09181101143342     
           6           7   1.31939436786275     
           7           8   1.49162957480495     
           8           9   1.29811409463600     
           9          10   1.11984922441798     
          10          11   2.72732253058384     
           9          12   1.28080134336177     
          12          13  0.951116591829909     
           6          14   1.32740521360173     
          12          14   1.43857055346816     
           4          15   1.37492173281893     
          15          16  0.986184003636157     
          16          17  0.936105346148039     
          16          18  0.930992748923693     
          16          19  0.917568560809596     
           2          20   1.24166644800790     
          15          20   1.12593557332082     
          20          21  0.998986165611700     
           1          22  0.978062757943287     
           1          23  0.966861241328917     
           1          24  0.950579696807968     
           5          25  0.926056191628749     
           7          26  0.965805467925526     
           8          27  0.969956263927810     
          14          28  0.956211065742194     
          21          29  0.905648099409459     
          21          30  0.978615937216646     
          21          31  0.978467699996419     
          32          33  0.109462213091832     
          33          34  0.143672613540748     
          34          35  0.144771381132277     
          35          36  0.134058732496685     
          36          37  0.178053392790966     
          32          38   1.08921962188967     
          33          39  0.941082418938811     
          34          40  0.923367298526128     
          35          41  0.922638087326937     
          36          42  0.917635801830558     
          37          43   1.00483526638684     
          32          44  0.107869700909969     
          38          44   1.18434310424968     
          39          45   1.16116344986902     
          40          46   1.14626933164142     
          41          47   1.15050700866363     
          42          48   1.15197245280691     
          37          49  0.107217090704582     
          43          49   1.24682188335051     
          44          50  0.966317873181244     
          45          51   1.26571853737539     
          46          52   1.46963590964427     
          47          53   1.44510812120081     
          52          53  0.104991938789766     
          48          54   1.43331471852073     
          53          54  0.108895848863181     
          43          55  0.108564179667302     
          49          55   1.25322598788157     
          50          56  0.968781697086477     
          45          57  0.165041622150540     
          51          57   1.27623493421622     
          46          58  0.260762290807637     
          52          58   1.46700575793327     
          47          59  0.227243226527921     
          53          59   1.43133615306124     
          48          60  0.217234543568939     
          54          60   1.41447750191715     
          49          61  0.107831147911633     
          55          61   1.31309487976295     
          56          62   1.17939966546804     
          57          63   1.17172291102589     
          58          64   1.14934207660804     
          59          65   1.15668735546782     
          60          66   1.16928221988705     
          61          67   1.04588111993583     
          56          68  0.104347113149854     
          62          68   1.09274974485272     
          63          69  0.932530120430355     
          68          69  0.103362673052479     
          64          70  0.924552342592352     
          69          70  0.137941422248731     
          65          71  0.920608541744166     
          70          71  0.153365456836677     
          66          72  0.914350843918979     
          71          72  0.126912950479001     
          67          73   1.57827162815766     
          72          73  0.201534093725262     
          32          74  0.947491634283737     
          33          74  0.976599419761232     
          38          74  0.725534908154532     
          39          74  0.680966654130528     
          33          75  0.991772983652798     
          34          75  0.981971460088619     
          39          75  0.670114076471641     
          40          75  0.655009774903874     
          34          76   1.03838590701746     
          35          76  0.972602916891427     
          40          76  0.667475829773275     
          41          76  0.665322554640542     
          35          77  0.995395394565882     
          36          77   1.00603559810216     
          41          77  0.663035128462176     
          42          77  0.670565732893769     
          36          78  0.949158685853193     
          37          78   1.08513648942496     
          42          78  0.650114332807052     
          43          78  0.694599908487863     
          62          79  0.736178961773391     
          63          79  0.675713704519530     
          68          79  0.946312430901190     
          69          79  0.973695236830077     
          63          80  0.681063566696571     
          64          80  0.661239007097521     
          69          80  0.994990974827078     
          70          80  0.974760173096532     
          64          81  0.661934512548991     
          65          81  0.667180072896389     
          70          81   1.04312713816449     
          71          81  0.960530212056667     
          65          82  0.659782666843441     
          66          82  0.682186067520398     
          71          82   1.02378556499215     
          72          82  0.956689754831291     
          66          83  0.632887352195168     
          67          83  0.687675884831937     
          72          83  0.986000272056707     
          73          83   1.12558494029788     
          44          84  0.378893388235136     
          45          84  0.357762433592274     
          50          84   1.01662261099343     
          51          84  0.895997019156861     
          56          84  0.380963851344502     
          57          84  0.358004461026717     
          32          85  0.865656874486318     
          38          86  0.107748820760579     
          44          86  0.694597344291478     
          50          86  0.142987878562747     
          50          87  0.143799877495133     
          56          87  0.694653315399820     
          62          87  0.106745834823647     
          68          88  0.865942726768861     
          37          89  0.861597796041504     
          43          90  0.156162381225197     
          49          90  0.657867109610174     
          55          90  0.138525353114892     
          55          91  0.162632066798707     
          61          91  0.681955772435677     
