   -0.13310961
    0.01583141
   -0.06693335
   -0.01749443
   -0.06555983
    0.01415025
   -0.16034735
   -0.09207292
   -0.17220217
    0.08245862
   -0.42686506
   -0.07118930
   -0.13561052
    0.04640223
    0.02818527
    0.03778306
    0.02075931
    0.02563119
    0.01358934
    0.02106637
    0.01899582
    0.02606768
    0.08693836
    0.01747549
    0.04657971
    0.02283437
    0.01682737
    0.23824992
    0.11703620
    0.19937034
    0.02041281
    0.03348232
    0.12639020
    0.04226756
    0.03633359
    0.02217259
    0.00651991
   -0.00284515
    0.00762551
    0.03349804
    0.05679525
    0.01235779
    0.03936524
    0.09838239
   -0.00611513
    0.08332496
    0.06088054
    0.00438278
    0.01958476
   -0.02911494
    0.00786032
    0.06951497
    0.06151213
   -0.01391525
   -0.02023348
    0.00762349
    0.04603953
    0.04192792
    0.07070996
   -0.00508161
   -0.00102895
    0.00669672
    0.02879085
    0.07012079
   -0.00823086
    0.01346090
    0.05208459
    0.09860081
    0.01585342
    0.01053977
    0.06322801
    0.03223042
    0.01100759
   -0.00243358
    0.00352921
   -0.01713007
   -0.04140665
    0.01279509
   -0.03638870
    0.03836070
    0.02903991
    0.01050450
   -0.04513266
   -0.03028897
    0.01113419
    0.00514122
    0.08554938
   -0.18326839
   -0.15097151
   -0.14739998
   -0.16317902
   -0.15176767
   -0.15382022
   -0.15272761
