           1           2  0.998813101909239     
           2           3  0.982564459516189     
           3           4  0.997123867619512     
           4           5  0.996967351764949     
           5           6  0.978072548868880     
           6           7  0.998880208075439     
           2           8  0.985088039459168     
           6           8  0.984746964926467     
           6           9  0.984808188337159     
           9          10  0.972252337151200     
          10          11   1.00775784586605     
           4          12  0.996385696846249     
          10          12  0.975660713147215     
           2          13  0.983049939944546     
          10          13  0.982342435902663     
           1          14  0.981970293936705     
           1          15  0.985463509433379     
           1          16  0.984817512729296     
           3          17  0.975234368452891     
           3          18  0.975669459147313     
           4          19  0.968517400887362     
           5          20  0.975943429089278     
           5          21  0.974938552344256     
           7          22  0.984856445115326     
           7          23  0.924723681708884     
           7          24  0.984132689893407     
           8          25  0.967000584689352     
           8          26  0.975201809377949     
           9          27  0.968140756247186     
           9          28  0.592540143435670     
          11          29  0.967086466582825     
          11          30  0.866613866386714     
          12          31  0.975018542021184     
          12          32  0.974216981750953     
          13          33  0.822351245460895     
          13          34  0.969294562758865     
          38          39   1.01419313693849     
          35          41  0.844124858831576     
          36          41  0.505952393474134     
          36          42  0.562789154784026     
          37          43  0.461718765001301     
          42          43  0.688666810848718     
          37          44  0.486354811955940     
          38          44  0.567764306799491     
          43          44  0.514647655285646     
          39          45  0.682505897272407     
          40          46  0.798592772167463     
          41          47  0.834960887267009     
          41          48  0.387686893095110     
          42          48   1.11374490140335     
          47          48  0.694323384742554     
          33          49  0.119858084379946     
          43          49  0.932642374425835     
          43          50  0.219362434872581     
          44          50  0.616573605784324     
          49          50  0.458847008212488     
          45          51   1.10193611754252     
          46          51  0.520301370693683     
          40          52  0.823972552708347     
          46          52  0.835729569910832     
          47          53  0.749002130788354     
          47          54  0.557947917001443     
          48          54  0.934587076171315     
           9          55  0.119006157393889     
          28          55  0.266657472884135     
          49          55  0.923640566412790     
          49          56  0.564214718850893     
          50          56   1.10897188372207     
          55          56  0.511773365005683     
          51          57  0.827720587702971     
          46          58  0.686433302844621     
          51          58  0.611488863891624     
          52          58  0.681063986779839     
          57          58  0.533976768780645     
          53          59  0.839775687917692     
          54          60   1.26751213682312     
          55          61   1.02502505429817     
          55          62  0.408777058430411     
          56          62  0.966222278033098     
          61          62  0.467617110059476     
          57          63  0.867948257920492     
          57          64  0.500866800751493     
          58          64  0.871408828539336     
          59          65  0.717596919841373     
          60          66   1.33115996428843     
          61          67   1.03686825656999     
          61          68  0.525031150044469     
          62          68  0.634805189013083     
          67          68  0.523396021790336     
          63          69   1.02043385199627     
          57          70  0.562210129511557     
          63          70  0.631946136673479     
          64          70  0.891519037826137     
          65          71   1.23927409143331     
          66          72  0.688655441424261     
          71          72  0.144659698358097     
          67          73  0.652198607759060     
          68          74  0.526421555348166     
          69          75  0.625786322966884     
          74          75   1.08802628983187     
          63          76  0.516873125502477     
          70          76   1.22037864311763     
          35          77   1.44041946532022     
          36          77   1.12149664478465     
          41          77  0.794945883728298     
          36          78  0.991875901256248     
          37          78   1.00770084750530     
          42          78  0.774992941783178     
          43          78  0.502020388088967     
          37          79   1.27128922793296     
          38          79   1.29019093446015     
          44          79  0.595749775964450     
          38          80  0.358180622159163     
          39          80  0.482639264430263     
          44          80  0.618842315771841     
          45          80  0.922277400971343     
          50          80  0.902227568232802     
          39          81   1.10117070540134     
          40          81  0.848040180116410     
          45          81  0.514546711211986     
          46          81  0.593984672358645     
          51          81  0.174632196214892     
          60          82  0.158310337631241     
          65          82  0.716857089403251     
          66          82  0.602992750681238     
          71          82  0.860652421697002     
          72          82   1.10357064667932     
          66          83  0.578225759249222     
          67          83  0.578783822730333     
          72          83   1.17001287814530     
          73          83   1.12748213162859     
          67          84  0.452029856590856     
          68          84  0.506394434245149     
          73          84   1.21069907960533     
          74          84   1.13308714543920     
          62          85  0.782666212721888     
          68          85  0.617223433648715     
          69          85   1.03278036208076     
          74          85  0.392022782513818     
          75          85  0.496455716315085     
          63          86  0.313965727498307     
          69          86  0.499762053623851     
          75          86   1.04761970318906     
          76          86   1.30301910908400     
          47          87  0.494956394591625     
          53          87  0.733894872216729     
          54          87  0.542246723275223     
          59          87  0.777911860558070     
          60          87  0.203869584305903     
          65          87  0.688246518804929     
          35          88  0.955767478963788     
          53          89  0.938364521087718     
          59          90  0.940617638176349     
          71          91  0.954328843255993     
          40          92  0.939600783531066     
          52          93  0.950256928409658     
          64          94  0.922952500237536     
