   -0.12493713
   -0.02024118
   -0.11607011
   -0.05901300
    0.37467493
   -0.46207314
   -0.30498504
    0.12774414
   -0.06329100
   -0.05053002
   -0.05293714
    0.00459586
    0.02140007
   -0.16692374
   -0.17282880
   -0.04188764
   -0.04158645
   -0.06841259
    0.05338868
    0.04897760
    0.04411399
    0.05700254
    0.08073539
    0.08429802
    0.05916026
    0.05107302
    0.03812309
    0.03346039
    0.04364241
    0.05163480
    0.04296990
    0.03339107
    0.08518839
    0.02086349
    0.03058474
    0.04715307
    0.01956721
    0.03442481
    0.03555648
    0.08273352
    0.03708724
    0.02204274
    0.00538837
   -0.00335364
    0.00659518
    0.03209628
    0.05754278
    0.02050783
    0.04398660
    0.10208157
   -0.00216897
    0.08481920
    0.06000166
    0.00632811
    0.01514613
   -0.01915867
    0.00441752
    0.06905724
    0.06183402
   -0.01293940
   -0.00090080
    0.01297631
    0.04943138
    0.04033852
    0.07171518
   -0.00330659
    0.00420525
    0.01629297
    0.02868208
    0.06980111
   -0.00856668
    0.01492431
    0.06242272
    0.09887855
    0.01708620
    0.00704065
    0.06457460
    0.03510556
    0.01251377
    0.00479580
    0.00016541
   -0.01207261
   -0.04210079
    0.01044634
   -0.03701817
    0.03778718
    0.02828073
    0.01129703
   -0.04207177
   -0.02653077
    0.02121473
    0.01289072
    0.08531691
   -0.18365426
   -0.15148280
   -0.14716331
   -0.16198241
   -0.14977557
   -0.15291296
   -0.15069723
