           1           2   1.01112592179058     
           2           3  0.983478759284842     
           3           4  0.998974400584833     
           3           5   1.19969586535047     
           3           6  0.170974785299528     
           5           6   1.64325748382750     
           5           7   1.01703059978646     
           6           7  0.125464243603584     
           7           8  0.970415807332038     
           8           9   1.39860807105542     
           9          10   1.43628288683222     
           8          11  0.103270796138414     
          10          11   1.44763901258950     
           9          12  0.108648164752540     
          11          12   1.40498261048207     
          12          13  0.987699737860035     
          13          14  0.995994558350565     
          13          15  0.981640633097822     
          15          16   1.01303366048694     
          15          17   1.01533685402618     
           8          18   1.39523687606737     
          10          18  0.106523306620642     
          12          18   1.42116800313869     
           1          19  0.985675004781598     
           1          20  0.982837210967160     
           1          21  0.985506980038130     
           2          22  0.970023140469224     
           2          23  0.968027375695633     
           4          24  0.976494738310193     
           4          25  0.978450118319786     
           4          26  0.975109282778696     
           9          27  0.967875881816242     
          10          28  0.969843233829748     
          11          29  0.969026548722254     
          13          30  0.955125723119651     
          14          31  0.982783105679811     
          14          32  0.982995632814667     
          14          33  0.985255495192201     
          16          34  0.974643460076065     
          16          35  0.982011809674870     
          16          36  0.981812748741892     
          17          37  0.973712345713238     
          17          38  0.981195696909087     
          17          39  0.982755957324303     
          18          40  0.962876826892495     
          42          43   1.20051256540742     
          44          45   1.39461266374324     
          46          47   1.30868497460202     
          41          48   1.21037789197296     
          42          48  0.855962291490888     
          42          49  0.533892122737840     
          48          49   1.07452169997674     
          43          50   1.12130510048454     
          44          51   1.07801564853152     
          50          51   1.00087907049037     
          45          52   1.12195636230126     
          46          52  0.751554540005830     
          46          53  0.685667404975989     
          47          53  0.128091812310256     
          52          53  0.458243626211900     
          46          54  0.679844832695064     
          47          54  0.826945299635462     
          53          54  0.900282255371348     
          49          55  0.816419082714592     
          42          56  0.138565459396469     
          49          56  0.705178165051548     
          55          56  0.804075109266469     
          42          57  0.484411429152610     
          43          57  0.452942943867846     
          56          57  0.811937918898950     
          43          58  0.467097908466808     
          50          58  0.443605889264865     
          57          58  0.647844369234072     
          50          59  0.552626975810930     
          51          59  0.611244812929760     
          58          59  0.516931150086927     
          44          60  0.428607073667012     
          51          60  0.645593883159028     
          59          60  0.947397201003461     
          44          61  0.105618598823947     
          45          61  0.619588326400607     
          52          61  0.637564881076428     
          52          62  0.317339173561020     
          53          62  0.573694871977679     
          61          62  0.643810750652797     
          53          63  0.694058132796734     
          62          63  0.771621886177880     
          63          64  0.804272619357275     
          55          65  0.837212374091933     
          56          65  0.850512907596720     
          57          66  0.799220913528008     
          58          66  0.725467544617091     
          58          67  0.702937102961959     
          59          67  0.724894107218343     
          66          67  0.597345573452070     
          60          68   1.04017849188822     
          61          68  0.642061239125569     
          61          69  0.681757213458848     
          62          69   1.03379126158920     
          68          69  0.465200879553688     
          63          70  0.830188720610953     
          64          70  0.737600098891868     
          63          71  0.160296393101872     
          64          71   1.02520974708217     
          70          71  0.964443242520624     
          65          72  0.725032058794059     
          65          73  0.879147313402357     
          72          73  0.826759264355632     
          66          74   1.10952704596274     
          67          75   1.09052340294554     
          68          76  0.893045884265654     
          68          77  0.264715839783415     
          69          77  0.964759350830882     
          76          77  0.664357620874681     
          70          78  0.901764489922855     
          71          78  0.182034079912130     
          72          79  0.866114280604728     
          73          79  0.875864671776553     
          73          80  0.763566565486497     
          74          80  0.690547762330342     
          79          80  0.661462583115724     
          74          81  0.826816623471829     
          80          81   1.26293126450778     
          74          82  0.547431074615117     
          75          82  0.586949022008511     
          81          82   1.11520161163752     
          75          83  0.863496387280450     
          82          83   1.11964869258845     
          75          84  0.695783816704409     
          76          84  0.789819235846536     
          83          84   1.16011856533610     
          76          85  0.713900804631762     
          77          85  0.682094556093945     
          84          85  0.741670916544316     
          77          86  0.753779533034041     
          85          86   1.19686274041343     
          78          87  0.987290077771944     
          86          87   1.06308384561269     
          78          88  0.157621575912729     
          86          88  0.120009645652320     
          87          88   1.07104822186624     
          88          89  0.951980747527137     
          64          90  0.909653670847751     
          78          91  0.932567331425419     
          41          92  0.939925857397963     
          79          93  0.955045801224605     
          71          94  0.969086154207897     
          55          95  0.922843478932784     
          47          96  0.965600997803672     
          72          97  0.953268219240300     
          54          98  0.935930603818942     
          88          99  0.951561187251040     
          41         100  0.943368988719405     
