    0.03572329
    0.01983652
    0.00135186
   -0.00537318
    0.00581908
    0.03298799
    0.05662388
    0.02200033
    0.04369188
    0.10101523
   -0.00209189
    0.08349444
    0.05889348
    0.00708482
    0.00213237
   -0.02074496
    0.00531686
    0.06957955
    0.06121057
   -0.01284738
   -0.01875497
    0.01285240
    0.04945407
    0.03996269
    0.07091301
   -0.00288657
   -0.00539114
    0.01531922
    0.02858006
    0.06964398
   -0.00983192
    0.01476223
    0.05860189
    0.09693869
    0.01419863
    0.00629991
    0.06284676
    0.03179114
    0.00845669
   -0.00055260
   -0.00373944
   -0.01413685
   -0.04501529
    0.00713393
   -0.04233829
    0.03615481
    0.02856400
    0.00994149
   -0.04436721
   -0.03145781
    0.01533038
    0.00906928
    0.08460995
   -0.18661679
   -0.15468222
   -0.15046690
   -0.16591470
   -0.15202211
   -0.15516492
   -0.15379022
