           1           2  0.100602053034381     
           2           3  0.140103992184788     
           3           4  0.140187357230300     
           4           5  0.128840504730308     
           5           6  0.167674640009111     
           1           7   1.09447568789168     
           2           8  0.935857214372924     
           3           9  0.922384165681128     
           4          10  0.920047473742227     
           5          11  0.914380360197603     
           6          12   1.00695831316238     
           1          13  0.104501469551735     
           7          13   1.17939267889496     
           8          14   1.16590535439469     
           9          15   1.15053473200861     
          10          16   1.15003388793718     
          11          17   1.15179119163599     
           6          18  0.100314205912551     
          12          18   1.23939070409931     
          13          19  0.970911216660251     
          14          20   1.28059941666067     
          15          21   1.47459526045383     
          16          22   1.45203764489183     
          21          22  0.104790204009079     
          17          23   1.44481721063650     
          22          23  0.106543213484915     
          12          24  0.107894478930854     
          18          24   1.27118753379497     
          19          25  0.971079860403273     
          14          26  0.177450395331856     
          20          26   1.28113366713423     
          15          27  0.264568989483105     
          21          27   1.47354589083998     
          16          28  0.233057875487200     
          22          28   1.44612197133898     
          17          29  0.227287925121968     
          23          29   1.43163408587486     
          18          30  0.116167569335839     
          24          30   1.33508528176001     
          25          31   1.17954258560217     
          26          32   1.16640334667789     
          27          33   1.15271492445380     
          28          34   1.15792433916972     
          29          35   1.16893157746731     
          30          36   1.04611265580909     
          25          37  0.104404857460744     
          31          37   1.09424805130366     
          32          38  0.935700884473081     
          37          38  0.100693845596300     
          33          39  0.923573433676648     
          38          39  0.138611935950269     
          34          40  0.920022124911307     
          39          40  0.149329083041261     
          35          41  0.917520423350519     
          40          41  0.123278206782358     
          36          42   1.58909640427729     
          41          42  0.200377612731742     
           1          43  0.947407166634174     
           2          43  0.974745151018408     
           7          43  0.733082041513980     
           8          43  0.676514309817355     
           2          44  0.995505711561477     
           3          44  0.980242400810449     
           8          44  0.685069872442876     
           9          44  0.660029395762641     
           3          45   1.03801430465058     
           4          45  0.972018280677927     
           9          45  0.665744922562316     
          10          45  0.667048386583431     
           4          46  0.994969331777044     
           5          46   1.00693432744331     
          10          46  0.663804679290297     
          11          46  0.672839289720616     
           5          47  0.947517513714107     
           6          47   1.08930407972114     
          11          47  0.651566415804609     
          12          47  0.696258327829382     
          31          48  0.732756022263670     
          32          48  0.676772794555819     
          37          48  0.948028170364490     
          38          48  0.973656411545723     
          32          49  0.684570794568272     
          33          49  0.660115064267888     
          38          49  0.996274962579170     
          39          49  0.979084928371283     
          33          50  0.663845621041500     
          34          50  0.669585561936389     
          39          50   1.04209433086736     
          40          50  0.963148449921918     
          34          51  0.660712896722283     
          35          51  0.684659830302332     
          40          51   1.02189438679399     
          41          51  0.963467364175137     
          35          52  0.634106812494769     
          36          52  0.690760821147556     
          41          52  0.987437526590483     
          42          52   1.13539074427421     
          13          53  0.376654158568201     
          14          53  0.366291966201789     
          19          53   1.00698111760540     
          20          53  0.907231602352623     
          25          53  0.376644622257796     
          26          53  0.366104989492972     
           1          54  0.866305535336034     
           7          55  0.106123875230829     
          13          55  0.696684788315894     
          19          55  0.142695138254822     
          19          56  0.142756388781267     
          25          56  0.696643640664550     
          31          56  0.106111605332947     
          37          57  0.866153511502168     
           6          58  0.861173910788986     
          12          59  0.153726507355596     
          18          59  0.664505917983608     
          24          59  0.134510584051377     
          24          60  0.159394848210289     
          30          60  0.690796592198949     
