   -0.11486674
    0.00706996
   -0.04872216
   -0.05189384
    0.07078803
   -0.28899902
    0.09927770
   -0.01203518
   -0.04566067
   -0.06734314
    0.07452778
   -0.28889866
   -0.05991893
   -0.03320587
   -0.08900505
    0.01174717
   -0.06772111
    0.04161580
    0.04502419
    0.04862580
    0.02979940
    0.03911072
    0.03421546
    0.02533649
    0.15774896
    0.15664354
    0.02889271
    0.05187879
    0.03658893
    0.11566851
    0.03016949
   -0.01702606
    0.01707251
   -0.04450464
    0.01489596
    0.06110393
    0.00009012
    0.05771501
    0.02342562
    0.00403489
    0.05411668
    0.08860289
    0.06715224
    0.06010243
    0.04791083
    0.05961745
    0.10978640
    0.03580174
    0.04346303
    0.08206315
    0.02772303
    0.04590029
    0.04115789
    0.00898492
   -0.01919611
    0.00902070
   -0.01079670
    0.01877702
    0.03114878
    0.10254404
    0.07833441
    0.05398138
    0.03875701
    0.03062462
    0.04312734
    0.04740708
    0.08665171
    0.07995868
    0.00808422
    0.01118604
    0.00647603
    0.02448809
    0.00027984
    0.01587765
    0.00590287
    0.00833444
    0.13902049
   -0.13752210
   -0.10475122
   -0.13351617
   -0.15174918
   -0.13135098
   -0.14300617
   -0.11916091
   -0.15136964
   -0.13140833
   -0.14085981
   -0.13830227
   -0.15264228
