           1           2   1.02195118907212     
           2           3   1.37772960790744     
           3           4   1.48091122408164     
           4           5   1.30401581299201     
           5           6   1.21409984017111     
           6           7   1.51761136309820     
           7           8   1.10489354102871     
           8           9   1.35060876973762     
           9          10   1.46937001889732     
          10          11   1.34876306576019     
          11          12   1.12634410597651     
          11          13   1.34480811097599     
           8          14   1.33840000711564     
          13          14   1.47853036661413     
           6          15  0.137000795833023     
           7          15   1.08481486591111     
           5          16   1.28131714980888     
          15          16   1.11444345438969     
           2          17   1.41766597761656     
           4          17  0.105487618057733     
          16          17   1.37319490668865     
           1          18  0.982591714317476     
           1          19  0.983234891755262     
           1          20  0.970304095697175     
           3          21  0.969802296090187     
           4          22  0.969730108708143     
           9          23  0.965736934946523     
          10          24  0.968922978005928     
          12          25  0.957168242596957     
          12          26  0.956658254866172     
          13          27  0.968753013041948     
          14          28  0.968750550933964     
          17          29  0.969900066934744     
          33          34   1.01716084044429     
          30          36  0.840265177532949     
          31          36  0.507649555091592     
          31          37  0.557721322434366     
          32          38  0.447244769067486     
          37          38  0.689276247378507     
          32          39  0.485001485560104     
          33          39  0.561546984650712     
          38          39  0.520260608056807     
          34          40  0.682816593080556     
          35          41  0.800037791484298     
          36          42  0.834964538025760     
          36          43  0.388544933143201     
          37          43   1.10927763170645     
          42          43  0.691847747511030     
          38          44  0.968756850461286     
          38          45  0.232819523238834     
          39          45  0.625786437954597     
          44          45  0.417770201947959     
          40          46   1.10621748252671     
          41          46  0.516193231419639     
          35          47  0.810965667872918     
          41          47  0.845119163104390     
          42          48  0.753940118746401     
          42          49  0.557673622672677     
          43          49  0.931157361198912     
          44          50   1.10342824525502     
          44          51  0.590156321314931     
          45          51   1.11445753119563     
          50          51  0.554394340760704     
          46          52  0.831865206800917     
          41          53  0.686207791047696     
          46          53  0.607556116204324     
          47          53  0.679524024796322     
          52          53  0.540175768087674     
          48          54  0.833309794140401     
          49          55   1.26777216439270     
          50          56   1.16136103902841     
          50          57  0.392968696312866     
          51          57  0.969962955644719     
          56          57  0.455383622928545     
          52          58  0.865168141871715     
          52          59  0.498869771183030     
          53          59  0.869649685884636     
          54          60  0.723415099083657     
          55          61   1.33028239216933     
          56          62   1.01596235591105     
          56          63  0.508673435963951     
          57          63  0.658475254484740     
          62          63  0.537179052271636     
          58          64   1.00680592023726     
          52          65  0.559758605635897     
          58          65  0.632252948253872     
          59          65  0.891677640355921     
          60          66   1.23444753802905     
          61          67  0.686941335145214     
          66          67  0.143669252585360     
          62          68  0.646968326232133     
          63          69  0.524433987719496     
          64          70  0.628772209444668     
          69          70   1.08034170207328     
          58          71  0.539688981899825     
          65          71   1.23209816966596     
          30          72   1.43415418533050     
          31          72   1.12337871926077     
          36          72  0.789358458993049     
          31          73  0.990517810465791     
          32          73   1.01474810813481     
          37          73  0.771155843394203     
          38          73  0.503161968893068     
          32          74   1.27637481236741     
          33          74   1.29024710033620     
          39          74  0.590394232095188     
          33          75  0.357905684824911     
          34          75  0.482675262922674     
          39          75  0.618215776722696     
          40          75  0.920112138172430     
          45          75  0.909312924199788     
          34          76   1.09559197716289     
          35          76  0.856419521965189     
          40          76  0.506598620974662     
          41          76  0.592312160662193     
          46          76  0.180537548616297     
          55          77  0.157300448731100     
          60          77  0.713557030395692     
          61          77  0.604977713669227     
          66          77  0.853762430460689     
          67          77   1.10593483826973     
          61          78  0.575901395167148     
          62          78  0.577298636107355     
          67          78   1.16477800751496     
          68          78   1.13279222790278     
          62          79  0.450813559587183     
          63          79  0.505629515733404     
          68          79   1.21061012899353     
          69          79   1.13092795085224     
          57          80  0.783243045380368     
          63          80  0.630654878523839     
          64          80   1.02732032153365     
          69          80  0.390395166466897     
          70          80  0.492710239530407     
          58          81  0.318565775976483     
          64          81  0.524206679758637     
          70          81   1.06435858840719     
          71          81   1.26615982101737     
          42          82  0.495116339830808     
          48          82  0.729627513330539     
          49          82  0.544036638821946     
          54          82  0.774378792268412     
          55          82  0.204332134752565     
          60          82  0.690139773770834     
          30          83  0.956825192426862     
          48          84  0.939125082693233     
          54          85  0.941535907985298     
          66          86  0.955639561086925     
          35          87  0.940306766015725     
          47          88  0.951902588542952     
          59          89  0.924126691914953     
