   -0.03464662
   -0.22723294
    0.03664032
   -0.11218291
   -0.14424177
    0.06476823
   -0.32102961
    0.06089952
   -0.12356677
   -0.13939967
    0.03139924
   -0.13170175
   -0.09080686
   -0.04426961
   -0.09298896
   -0.00141563
   -0.20304966
   -0.00920836
   -0.08781808
    0.02565462
    0.02666658
    0.04128247
    0.15309310
    0.07861639
    0.17759031
    0.27315942
    0.08763042
    0.02596004
    0.08028033
    0.04889825
    0.02976279
    0.03034354
    0.03939897
    0.00803193
    0.00586761
   -0.00878797
    0.01987536
    0.03003070
    0.02312938
    0.02615900
    0.00664769
    0.00526610
   -0.01122038
    0.00127516
    0.00922249
    0.00510350
    0.05235843
   -0.01525507
    0.05356852
    0.01701649
    0.01101582
    0.02011085
   -0.06217888
   -0.00786749
   -0.09784223
   -0.00893822
   -0.01277964
   -0.04149301
    0.01963157
   -0.01630836
    0.06363551
   -0.00973925
    0.08897382
    0.05256690
   -0.04753774
    0.00434416
   -0.01967243
    0.01250791
    0.00853251
   -0.00547972
   -0.01225798
   -0.00905384
    0.02389442
    0.01264508
    0.02046119
    0.01994332
   -0.00536578
    0.04125654
    0.03608701
    0.04280700
    0.04390206
    0.04696964
    0.04020886
    0.02479537
    0.03908846
    0.02818255
    0.03192848
    0.11240854
   -0.08444449
    0.00907148
    0.00918671
   -0.08391581
   -0.08114261
   -0.01205186
   -0.02286073
