           1           2   1.01522904639758     
           2           3   1.13653788966577     
           3           4   1.31667539544598     
           4           5   1.49070523222117     
           5           6   1.28787036352050     
           6           7   1.28616628751930     
           7           8   1.28472656094106     
           8           9   1.29201316807384     
           9          10   1.48190977160296     
          10          11   1.31416433453555     
          11          12   1.14391727878864     
          12          13   1.00708234372977     
          12          14   1.00538461590843     
          11          15   1.32848590047487     
           8          16   1.23566475947604     
          15          16   1.43404673076009     
          16          17   1.04573105217851     
           6          18   1.23720984016500     
          17          18   1.04612333367180     
           3          19   1.34471887710252     
          18          19   1.42474244701793     
           1          20  0.976294840562611     
           1          21  0.984644588418236     
           1          22  0.978695428206425     
           2          23  0.946648830333112     
           4          24  0.968829817500205     
           5          25  0.966936148104887     
           9          26  0.967505908590692     
          10          27  0.967903603825874     
          13          28  0.980616159827040     
          13          29  0.976717766838319     
          13          30  0.977160248194443     
          14          31  0.976171227756674     
          14          32  0.980666563712503     
          14          33  0.976561623735303     
          15          34  0.964400906558157     
          19          35  0.964833381823736     
          37          38   1.19524010038586     
          39          40   1.33521877756185     
          41          42   1.29183945718649     
          36          43   1.18789046364759     
          37          43  0.842529714524683     
          37          44  0.518672881097713     
          43          44   1.05551798645160     
          38          45   1.13068332974634     
          39          46   1.09167036710619     
          45          46  0.985559810150600     
          40          47   1.10432015478930     
          41          47  0.753376529886126     
          41          48  0.689007432768683     
          42          48  0.132801803808098     
          47          48  0.460340457996453     
          41          49  0.678623381065138     
          42          49  0.785385138906793     
          48          49  0.905601294970237     
          44          50  0.821564357114399     
          37          51  0.142999213283883     
          44          51  0.718451830205836     
          50          51  0.794348455902864     
          37          52  0.488363930408215     
          38          52  0.450617088369076     
          51          52  0.808937861972943     
          38          53  0.457022150881943     
          45          53  0.441488390135162     
          52          53  0.642933576840988     
          45          54  0.528485582256515     
          46          54  0.619889558945428     
          53          54  0.518295363321584     
          39          55  0.430450388961680     
          46          55  0.636703125093802     
          54          55  0.951736563259510     
          39          56  0.104543433123178     
          40          56  0.629586041745120     
          47          56  0.635280701290378     
          47          57  0.327087669894421     
          48          57  0.571333781536831     
          56          57  0.642603370013772     
          48          58  0.686432460929324     
          57          58  0.772444476886713     
          58          59  0.809579662367541     
          50          60  0.816148157245694     
          51          60  0.847469680243047     
          52          61  0.788900136655848     
          53          61  0.730455554693789     
          53          62  0.708997156673950     
          54          62  0.705982239322049     
          61          62  0.601704454420840     
          55          63   1.03325765123207     
          56          63  0.637178688084158     
          56          64  0.688260612850695     
          57          64   1.00735803445503     
          63          64  0.455858914557860     
          58          65  0.835219321800306     
          59          65  0.737977384035788     
          58          66  0.162851632856543     
          59          66  0.985961028906997     
          65          66  0.946913517748044     
          60          67  0.711174245317198     
          60          68  0.878448409121295     
          67          68  0.827323431176940     
          61          69   1.09814540384812     
          62          70   1.08705508737070     
          63          71  0.909218148132143     
          63          72  0.268420262048471     
          64          72  0.976702157960458     
          71          72  0.656129573015266     
          65          73  0.887786708660789     
          66          73  0.182593261718464     
          67          74  0.847387485647549     
          68          74  0.867380922806905     
          68          75  0.773779452494425     
          69          75  0.678696524022491     
          74          75  0.651948460317522     
          69          76  0.828794177915484     
          75          76   1.24391108844045     
          69          77  0.554153807123955     
          70          77  0.579424894204225     
          76          77   1.11114211742744     
          70          78  0.850262451898927     
          77          78   1.10135643871442     
          70          79  0.702385441228250     
          71          79  0.784517584519316     
          78          79   1.16296891396662     
          71          80  0.697628947046613     
          72          80  0.683392772686641     
          79          80  0.731020928649200     
          72          81  0.738687543953844     
          80          81   1.19561643239084     
          73          82  0.992629662273010     
          81          82   1.05899165354030     
          73          83  0.158237035459695     
          81          83  0.121061478682164     
          82          83   1.03934019141529     
          83          84  0.954892365417372     
          59          85  0.907869864833513     
          73          86  0.935146265721038     
          36          87  0.939885560716688     
          74          88  0.960376440956727     
          66          89  0.978521598517547     
          50          90  0.922372069615554     
          42          91  0.975256453426368     
          67          92  0.957868885776642     
          49          93  0.940335981032925     
          83          94  0.952056290202976     
          36          95  0.943646817041547     
