   -0.10923717
    0.00329636
   -0.11316784
   -0.00071594
   -0.11406050
    0.06030395
   -0.06484760
   -0.04177502
   -0.00104063
   -0.04903163
   -0.04887330
   -0.02704047
   -0.01123828
    0.10727500
   -0.29107352
    0.10374793
   -0.27979704
   -0.04288753
   -0.06900091
    0.03644798
    0.04595905
    0.04166497
    0.03751619
    0.03811539
    0.04199349
    0.03288584
    0.04174721
    0.04832571
    0.03483486
    0.02079674
    0.02486213
    0.02628404
    0.03050599
    0.02584799
    0.02921747
    0.02016481
    0.11608981
    0.03131544
   -0.01636981
    0.01968249
   -0.03876782
    0.01705803
    0.06508999
    0.00230724
    0.05920573
    0.02481238
    0.00550236
    0.05809230
    0.09091767
    0.06924098
    0.06137370
    0.04807644
    0.05940245
    0.10924144
    0.03421385
    0.04268190
    0.08142620
    0.03608448
    0.05216574
    0.05317877
    0.01132829
   -0.01951072
    0.00815186
   -0.01081384
    0.02990027
    0.03367631
    0.11531398
    0.07943712
    0.05415708
    0.03866680
    0.03046703
    0.04367935
    0.05192848
    0.08829774
    0.08094923
    0.00943293
    0.01288896
    0.00769813
    0.02727286
    0.00163060
    0.01760721
    0.01131009
    0.01430864
    0.14022412
   -0.13144174
   -0.08634706
   -0.12826124
   -0.14804849
   -0.12824454
   -0.13087213
   -0.11510176
   -0.14487567
   -0.12783406
   -0.13436108
   -0.12362421
   -0.14901799
