           1           2   1.01173075255489     
           2           3  0.993979742928797     
           3           4  0.996751030313848     
           4           5   1.01071580351323     
           3           6   1.14218196992440     
           6           7   1.33165866414363     
           7           8   1.46996376907056     
           8           9   1.35796999681961     
           9          10   1.10049249743166     
          10          11   1.65910790028360     
          11          12   1.21613414867778     
          12          13   1.47809387639172     
          13          14   1.10971295482936     
          14          15   2.73835198601694     
          13          16   1.10285960116550     
          16          17   2.74711816146648     
           9          18   1.35996623122352     
           6          19   1.33278086365801     
          18          19   1.46683234631616     
           1          20  0.984722961166935     
           1          21  0.985098118673144     
           1          22  0.984879349348303     
           2          23  0.965964083907113     
           2          24  0.972301084671410     
           4          25  0.968688668210654     
           4          26  0.969943780461596     
           5          27  0.984943812345310     
           5          28  0.984743595029301     
           5          29  0.984893258220589     
           7          30  0.966585329757112     
           8          31  0.970794227153255     
          10          32  0.961385223336647     
          11          33  0.962254600655224     
          12          34  0.964356788799896     
          18          35  0.969497271001002     
          19          36  0.966865249181527     
          38          39   1.20005640906861     
          40          41   1.37256097875958     
          42          43   1.30484939027305     
          37          44   1.20451804918129     
          38          44  0.853069415264350     
          38          45  0.530096403506066     
          44          45   1.07058005458364     
          39          46   1.12193153184914     
          40          47   1.08227037719959     
          46          47  0.997006245548479     
          41          48   1.10977990750040     
          42          48  0.751705645412627     
          42          49  0.685496979158551     
          43          49  0.129408858831319     
          48          49  0.459336204405706     
          42          50  0.679095767498031     
          43          50  0.815522676867340     
          49          50  0.902042128802820     
          45          51  0.818388428415680     
          38          52  0.139766300522686     
          45          52  0.707850917043199     
          51          52  0.801949836167685     
          38          53  0.484678115780028     
          39          53  0.452661727541014     
          52          53  0.810936024535509     
          39          54  0.464379346954717     
          46          54  0.442953954434606     
          53          54  0.645912044291277     
          46          55  0.545863257326055     
          47          55  0.612970470740436     
          54          55  0.517803282310402     
          40          56  0.427469708820466     
          47          56  0.641821746384863     
          55          56  0.947636244611491     
          40          57  0.105303448747459     
          41          57  0.621775798685707     
          48          57  0.636115115071637     
          48          58  0.323435195302137     
          49          58  0.573296949212645     
          57          58  0.643869159517417     
          49          59  0.689881136876648     
          58          59  0.769482433924118     
          59          60  0.806461132399168     
          51          61  0.832229048685254     
          52          61  0.850462863033492     
          53          62  0.797679103066493     
          54          62  0.726749767653646     
          54          63  0.704475241861681     
          55          63  0.720153546425620     
          62          63  0.596825001054311     
          56          64   1.03948820699828     
          57          64  0.639245817384353     
          57          65  0.685942895587079     
          58          65   1.01477623364701     
          64          65  0.462524374020643     
          59          66  0.833514480252093     
          60          66  0.736113621914931     
          59          67  0.165354445887956     
          60          67  0.995819782430711     
          66          67  0.956687233060084     
          61          68  0.721645970896384     
          61          69  0.878563289224600     
          68          69  0.827462734399610     
          62          70   1.10598092630693     
          63          71   1.09020359275151     
          64          72  0.897101495343975     
          64          73  0.266819732417232     
          65          73  0.966469599123803     
          72          73  0.663093122583958     
          66          74  0.895843676999082     
          67          74  0.181111470968629     
          68          75  0.862576874085779     
          69          75  0.874511033458124     
          69          76  0.765521569866108     
          70          76  0.688294049324485     
          75          76  0.658937214069067     
          70          77  0.827473717740279     
          76          77   1.25897912980018     
          70          78  0.549335293263965     
          71          78  0.585174274454384     
          77          78   1.11459014895633     
          71          79  0.859872993353083     
          78          79   1.11256227156681     
          71          80  0.696474815390266     
          72          80  0.788639518135304     
          79          80   1.16277953827200     
          72          81  0.708949152739677     
          73          81  0.683162666889571     
          80          81  0.737612755791550     
          73          82  0.745593018085475     
          81          82   1.19637255876637     
          74          83  0.991113388253687     
          82          83   1.05949490131956     
          74          84  0.157934107842137     
          82          84  0.120577575410818     
          83          84   1.05478267350631     
          84          85  0.953124864505134     
          60          86  0.907518215045369     
          74          87  0.934438463825254     
          37          88  0.940428746390606     
          75          89  0.956492182757738     
          67          90  0.974155410303417     
          51          91  0.923067959195323     
          43          92  0.969114505841135     
          68          93  0.954535391035008     
          50          94  0.937709237838673     
          84          95  0.953172320531873     
          37          96  0.943974606723246     
