   -0.39771147
    0.13777695
   -0.05895121
   -0.04409963
   -0.00073520
   -0.05254502
   -0.05235628
    0.01009871
   -0.09512929
    0.14157104
   -0.39842489
   -0.10350835
    0.14049641
   -0.39889443
   -0.08019523
   -0.04233710
   -0.07433456
    0.29724947
    0.04907537
    0.03620277
    0.03499939
    0.03088734
    0.02535528
    0.29884079
    0.04162910
    0.30003584
    0.05066522
    0.03503365
    0.02270390
    0.06451680
    0.06678382
    0.03013520
    0.03872725
    0.05868294
    0.02408532
    0.05214065
    0.08562761
    0.03217662
    0.07099856
    0.05468085
    0.02056878
   -0.00334897
    0.04762502
    0.06013145
    0.04854517
    0.04821964
    0.02279346
    0.01978993
    0.05670652
    0.06332396
    0.02064536
   -0.00583123
    0.05022278
    0.02424344
    0.10565043
    0.01682384
    0.03084009
    0.06152941
    0.06585438
    0.04563019
    0.02824209
    0.02039679
    0.09022970
    0.07250423
    0.09918516
    0.04450786
    0.01328638
    0.07710759
    0.05073360
   -0.12368993
    0.03035491
   -0.14853277
   -0.14042724
   -0.12387350
   -0.12186733
   -0.10956502
   -0.13738193
   -0.09501184
   -0.15268630
   -0.09634751
   -0.13643658
   -0.11405934
   -0.11525415
   -0.14333268
