           1           2   1.06028659621278     
           2           3   1.34393675006132     
           3           4   1.49155716323248     
           4           5   1.32743957936818     
           5           6   1.15201057260426     
           6           7   1.66203797652962     
           7           8   1.15060220541280     
           8           9   1.32976903473102     
           9          10   1.40753026900126     
          10          11   1.05910189820068     
          10          12   1.35142291638268     
          12          13   1.36683885324579     
          13          14   1.06315251034705     
           8          15   1.34705009165043     
          13          15   1.39114090536417     
           5          16   1.33679670859069     
           2          17   1.35975724017816     
          16          17   1.47507134479360     
           1          18  0.890754745882818     
           3          19  0.968253826723655     
           4          20  0.968815260010010     
           6          21  0.959857103245774     
           7          22  0.960236504526641     
           9          23  0.964466368526382     
          11          24  0.890810134876593     
          12          25  0.965149014186354     
          14          26  0.889123600539267     
          15          27  0.962929311645567     
          16          28  0.965938159298242     
          17          29  0.966211354695924     
          31          32   1.17118171274364     
          33          34   1.37057209401956     
          35          36   1.31078606660258     
          30          37   1.20279812014970     
          31          37  0.849636645802215     
          31          38  0.535584654817712     
          37          38   1.07626066050147     
          32          39   1.14082036223752     
          33          40   1.06946285984532     
          39          40  0.998922555256292     
          34          41   1.12430667101050     
          35          41  0.731639315253391     
          35          42  0.691281780647125     
          36          42  0.125479646810399     
          41          42  0.463221970306393     
          35          43  0.693441293064281     
          36          43  0.821608983949488     
          42          43  0.894935811539090     
          38          44  0.830807137356530     
          31          45  0.150322709345367     
          38          45  0.692667150513181     
          44          45  0.799723369957736     
          31          46  0.506627011151026     
          32          46  0.464282012363022     
          45          46  0.808432799671539     
          32          47  0.461706712722877     
          39          47  0.441476201894937     
          46          47  0.643842161427905     
          39          48  0.530716425703795     
          40          48  0.618921714764775     
          47          48  0.519455937970088     
          33          49  0.455828172047780     
          40          49  0.649783150660737     
          48          49  0.942294149973698     
          33          50  0.103513951574163     
          34          50  0.612267491331540     
          41          50  0.640064926945725     
          41          51  0.341190414872489     
          42          51  0.571435490756092     
          50          51  0.642276153514452     
          42          52  0.694415251263565     
          51          52  0.764105668015088     
          52          53  0.809844899283721     
          44          54  0.817104143319245     
          45          54  0.863664240786577     
          46          55  0.773159986701545     
          47          55  0.730676301889642     
          47          56  0.703575031957678     
          48          56  0.722614201916206     
          55          56  0.614676901121882     
          49          57   1.02188206030468     
          50          57  0.645710744489617     
          50          58  0.680835946157402     
          51          58   1.02416662779735     
          57          58  0.453587168163156     
          52          59  0.831979684414946     
          53          59  0.737033617716333     
          52          60  0.161463362199587     
          53          60   1.01375178507264     
          59          60  0.964170986643479     
          54          61  0.719964755602608     
          54          62  0.878340030826578     
          61          62  0.828219658520032     
          55          63   1.10918514562755     
          56          64   1.08588053612024     
          57          65  0.914535785516557     
          57          66  0.271104492036379     
          58          66  0.974108254164916     
          65          66  0.659894590033785     
          59          67  0.898629743119538     
          60          67  0.184724346209367     
          61          68  0.865144908163619     
          62          68  0.871541716617110     
          62          69  0.770370800535786     
          63          69  0.690405589895823     
          68          69  0.655284235771210     
          63          70  0.828351900982956     
          69          70   1.25413307097390     
          63          71  0.545934703106738     
          64          71  0.579590572442339     
          70          71   1.11420060266872     
          64          72  0.853483890180371     
          71          72   1.12475478515768     
          64          73  0.702765132158034     
          65          73  0.779493082201121     
          72          73   1.16166722680564     
          65          74  0.704581994856835     
          66          74  0.681300361945780     
          73          74  0.744128529760141     
          66          75  0.748421646535329     
          74          75   1.19839177722342     
          67          76  0.988839403898872     
          75          76   1.05830024981529     
          67          77  0.155616693562747     
          75          77  0.120726360137704     
          76          77   1.06904321281044     
          77          78  0.953091172994907     
          53          79  0.909274013109637     
          67          80  0.934129764152157     
          30          81  0.942094465645934     
          68          82  0.956761720093279     
          60          83  0.970754905559954     
          44          84  0.922971028234440     
          36          85  0.968064793772482     
          61          86  0.953570294920631     
          43          87  0.937687542433937     
          77          88  0.951494225852296     
          30          89  0.944012565681598     
