   -0.32581216
    0.06105344
   -0.02706490
   -0.04788553
   -0.03978678
   -0.03738162
   -0.04892823
    0.08956835
   -0.28471449
    0.08611751
   -0.02452239
   -0.06235736
   -0.05705910
   -0.05906530
   -0.06931264
    0.14872483
    0.15102284
    0.01567462
    0.02286340
    0.02586456
    0.04270182
    0.04911446
    0.03842675
    0.02733505
    0.03228364
    0.03458185
    0.02989866
    0.05131609
    0.05572847
    0.06413798
    0.06799207
    0.03033743
    0.03939460
    0.05844127
    0.02430941
    0.05173226
    0.08692690
    0.03215316
    0.07080345
    0.05415289
    0.02190217
   -0.00417422
    0.04519695
    0.05956934
    0.04690692
    0.04747746
    0.02329718
    0.01855745
    0.05662378
    0.06345790
    0.02148284
   -0.00767822
    0.04900980
    0.02533445
    0.10519173
    0.01429928
    0.03150021
    0.06148346
    0.06584982
    0.04346189
    0.03030612
    0.01885000
    0.08694024
    0.07431767
    0.09859156
    0.04483038
    0.01332642
    0.07680614
    0.05141862
   -0.12371060
    0.02900652
   -0.14904313
   -0.13905164
   -0.12436966
   -0.12116413
   -0.11037873
   -0.13790698
   -0.09524336
   -0.15371288
   -0.10357430
   -0.13922063
   -0.11456085
   -0.11610565
   -0.14386858
