           1           2   1.06049655322414     
           2           3   1.25393085881279     
           3           4   1.29788401633152     
           4           5   1.47813655836221     
           5           6   1.38609977939977     
           4           7  0.103550326971975     
           6           7   1.47467650829087     
           3           8   1.21871676549582     
           7           8   1.29825110306181     
           8           9   1.30049395992160     
           9          10   1.41051237804972     
           2          11   1.39019213547590     
          10          11   1.34778415763388     
          11          12   1.00961782103414     
          12          13   1.00673376966185     
          13          14   1.01027486159685     
          10          15   1.00833589512665     
          14          15   1.00702758123940     
           1          16  0.956079096637626     
           1          17  0.942597766270624     
           4          18  0.965409036602327     
           5          19  0.971615834030074     
           6          20  0.971910872578690     
           7          21  0.969282682233562     
          12          22  0.967269656944745     
          12          23  0.960072950328311     
          13          24  0.977646745704752     
          13          25  0.978169674908296     
          14          26  0.976817632692518     
          14          27  0.977618668100652     
          15          28  0.956402008329051     
          15          29  0.967527373555297     
          33          34   1.01731422998758     
          30          36  0.839480014999117     
          31          36  0.507646443468892     
          31          37  0.558167246555858     
          32          38  0.448441812469076     
          37          38  0.688429034566140     
          32          39  0.484861954105462     
          33          39  0.561332444590282     
          38          39  0.519731376166865     
          34          40  0.683632327582114     
          35          41  0.800417899245979     
          36          42  0.834934488541647     
          36          43  0.388598952369678     
          37          43   1.10908891898098     
          42          43  0.691187891232976     
          38          44  0.971195559573107     
          38          45  0.232889144859324     
          39          45  0.627265387173945     
          44          45  0.416679319876335     
          40          46   1.10548847700501     
          41          46  0.516756302624532     
          35          47  0.810995427147264     
          41          47  0.844828625458889     
          42          48  0.753747571231421     
          42          49  0.557857127061718     
          43          49  0.931555814425511     
          44          50   1.10699268025354     
          44          51  0.589727425964669     
          45          51   1.11468862255704     
          50          51  0.555708770730840     
          46          52  0.831385372927326     
          41          53  0.686277061295725     
          46          53  0.607724086313272     
          47          53  0.679373104300720     
          52          53  0.540889590604426     
          48          54  0.833210860107495     
          49          55   1.26801618286598     
          50          56   1.16018106522363     
          50          57  0.392162737876416     
          51          57  0.969822572824554     
          56          57  0.456066655179204     
          52          58  0.865192487199857     
          52          59  0.499003975594012     
          53          59  0.869074626803084     
          54          60  0.723919998762554     
          55          61   1.33008019226050     
          56          62   1.01474672259331     
          56          63  0.508620999665258     
          57          63  0.658128005400968     
          62          63  0.538224304727353     
          58          64   1.00649611573451     
          52          65  0.559505426398017     
          58          65  0.632208682093216     
          59          65  0.892139978819153     
          60          66   1.23348246783602     
          61          67  0.686597566783019     
          66          67  0.144088604856485     
          62          68  0.646470720112977     
          63          69  0.523606687006654     
          64          70  0.628993017396675     
          69          70   1.08063403389430     
          58          71  0.539434008781934     
          65          71   1.23195242016848     
          30          72   1.43389872723152     
          31          72   1.12281092267582     
          36          72  0.790527359392678     
          31          73  0.990966155346437     
          32          73   1.01533401196929     
          37          73  0.771897534504419     
          38          73  0.503237112908336     
          32          74   1.27848975887410     
          33          74   1.29172515911714     
          39          74  0.591067480832960     
          33          75  0.357972491126762     
          34          75  0.482652975429915     
          39          75  0.618393487935425     
          40          75  0.919900122734776     
          45          75  0.911231271306765     
          34          76   1.09566709026226     
          35          76  0.856587263504296     
          40          76  0.506605077706526     
          41          76  0.591561965585642     
          46          76  0.180537280614439     
          55          77  0.157506401648133     
          60          77  0.713760595517627     
          61          77  0.605144762727084     
          66          77  0.853569039273061     
          67          77   1.10575193987768     
          61          78  0.576052490023746     
          62          78  0.577298846516719     
          67          78   1.16501106915719     
          68          78   1.13275624540705     
          62          79  0.451203703821775     
          63          79  0.504828014538774     
          68          79   1.21118286694555     
          69          79   1.13043826383614     
          57          80  0.783638855110538     
          63          80  0.631802220665510     
          64          80   1.02698825837224     
          69          80  0.389977010174602     
          70          80  0.492142356124372     
          58          81  0.319024737757911     
          64          81  0.524126023525422     
          70          81   1.06379980175745     
          71          81   1.26569826081451     
          42          82  0.495243810690665     
          48          82  0.730092676144590     
          49          82  0.543704187567383     
          54          82  0.773945355222595     
          55          82  0.204531480172999     
          60          82  0.690208562917148     
          30          83  0.956748346773359     
          48          84  0.939075305569830     
          54          85  0.941467466753679     
          66          86  0.955762677192991     
          35          87  0.940250823512985     
          47          88  0.951862973428823     
          59          89  0.924208278973033     
