   -0.46738449
    0.21018131
   -0.10430038
    0.12637045
   -0.01052822
   -0.03992094
   -0.05645857
    0.14343021
   -0.39428725
   -0.07453299
   -0.03448320
   -0.23173662
    0.13355086
   -0.12082214
    0.13979327
   -0.39185057
   -0.09263032
    0.15314343
   -0.39456818
   -0.08229595
    0.06089642
    0.04506677
    0.05588345
    0.30192004
    0.03224150
    0.04346928
    0.04195610
    0.30317529
    0.07469433
    0.34571568
    0.11627195
    0.03360076
   -0.01607028
    0.01879649
   -0.04253406
    0.01589412
    0.06304364
    0.00480300
    0.06173700
    0.02530126
    0.00514311
    0.05515370
    0.08909656
    0.06803372
    0.06366154
    0.04920436
    0.06175574
    0.10981992
    0.03459104
    0.04071493
    0.08204109
    0.02875805
    0.04689877
    0.04233102
    0.01316282
   -0.01980353
    0.00688549
   -0.01161612
    0.01847533
    0.03146283
    0.10411504
    0.08096535
    0.05408630
    0.03815075
    0.02970599
    0.04322325
    0.04573462
    0.08699354
    0.08053467
    0.00889174
    0.01066877
    0.00582214
    0.02425616
   -0.00030963
    0.01590625
    0.00576114
    0.00874477
    0.13856419
   -0.13622102
   -0.10022075
   -0.13154203
   -0.14724914
   -0.12843431
   -0.14067933
   -0.11275674
   -0.14838727
   -0.12611183
   -0.13838306
   -0.13865461
   -0.14547772
