           1           2   1.59005449410136     
           2           3   1.12470613635490     
           3           4   1.59827808773006     
           4           5   1.05760917737740     
           5           6   1.35688911097143     
           6           7   1.46810780304046     
           7           8   1.35664209144223     
           8           9   1.05935734862384     
           6          10  0.100350855648866     
           8          10   1.36427618374592     
           5          11   1.36333445447347     
           7          11  0.103235736890645     
          10          11   1.45767790666287     
           4          12   1.03727926916011     
          12          13   1.04930527032049     
          13          14   1.36630867540587     
          14          15   1.35678440496881     
          15          16   1.07545377849387     
          15          17   1.36746947873945     
          17          18   1.38278674608348     
          18          19   1.11680772337119     
           2          20   1.07963643486011     
          13          20   1.31700283899241     
          18          20   1.28104946334124     
           3          21  0.964272661286694     
           6          22  0.968882161612521     
           7          23  0.967590338570094     
           9          24  0.889086344394491     
          10          25  0.966209118490333     
          11          26  0.970190768040605     
          14          27  0.890018649017961     
          16          28  0.868526886205602     
          17          29  0.963826074422334     
          19          30  0.813581425394161     
          34          35   1.01645678432229     
          31          37  0.834589258166181     
          32          37  0.508514562919818     
          32          38  0.556183834181385     
          33          39  0.447507931684963     
          38          39  0.693011849528176     
          33          40  0.486427259980123     
          34          40  0.562335789936577     
          39          40  0.519697711986878     
          35          41  0.682274584800772     
          36          42  0.800269533200424     
          37          43  0.834792349400256     
          37          44  0.390295186956584     
          38          44   1.10500493942975     
          43          44  0.693094755162745     
          39          45  0.964557367900013     
          39          46  0.232781561819882     
          40          46  0.622885675436664     
          45          46  0.420657307599497     
          41          47   1.10615928292274     
          42          47  0.515784138847891     
          36          48  0.809652967780631     
          42          48  0.844272630204883     
          43          49  0.754260527436995     
          43          50  0.555604085078984     
          44          50  0.930475506959717     
          45          51   1.10010680932943     
          45          52  0.587363087961592     
          46          52   1.11916332823622     
          51          52  0.550138887113238     
          47          53  0.831344008221562     
          42          54  0.685721273379098     
          47          54  0.607496589412281     
          48          54  0.677177491603525     
          53          54  0.540634205445514     
          49          55  0.828406727034512     
          50          56   1.26727346222942     
          51          57   1.12674114450533     
          51          58  0.391684417558309     
          52          58  0.967394073402282     
          57          58  0.452480973351428     
          53          59  0.862959160144107     
          53          60  0.500092806856191     
          54          60  0.870067939938657     
          55          61  0.726245522588540     
          56          62   1.33108890410913     
          57          63   1.00816617550173     
          57          64  0.513626269902919     
          58          64  0.655547814081245     
          63          64  0.537168632808766     
          59          65   1.00689920751950     
          53          66  0.560570834046789     
          59          66  0.633042703792695     
          60          66  0.888723606106032     
          61          67   1.22720161992660     
          62          68  0.688524918707901     
          67          68  0.145178582390458     
          63          69  0.649043566392445     
          64          70  0.524159562296860     
          65          71  0.629144292889429     
          70          71   1.07981675314269     
          59          72  0.540600679739508     
          66          72   1.23007470611115     
          31          73   1.42559341331254     
          32          73   1.12271612130405     
          37          73  0.786987793851196     
          32          74  0.986261022027065     
          33          74   1.01289513923288     
          38          74  0.768238361546512     
          39          74  0.503947710480583     
          33          75   1.27235106258568     
          34          75   1.28831127472583     
          40          75  0.591556612078822     
          34          76  0.359005468117628     
          35          76  0.485018675760323     
          40          76  0.618094606209742     
          41          76  0.920218338428262     
          46          76  0.903888171879391     
          35          77   1.09263015953894     
          36          77  0.854433403468379     
          41          77  0.507211552588007     
          42          77  0.593747721933181     
          47          77  0.180961136531629     
          56          78  0.156884946446894     
          61          78  0.709747193316283     
          62          78  0.606568405487656     
          67          78  0.845612922487856     
          68          78   1.10867987566182     
          62          79  0.574350735365967     
          63          79  0.579269528890477     
          68          79   1.16415903686850     
          69          79   1.13582319733535     
          63          80  0.449879981920786     
          64          80  0.506104304014756     
          69          80   1.20745177782392     
          70          80   1.13203529018740     
          58          81  0.783971540856619     
          64          81  0.626806072691219     
          65          81   1.02447569536716     
          70          81  0.392706805366624     
          71          81  0.495783043598613     
          59          82  0.319772536583057     
          65          82  0.523931974858759     
          71          82   1.06044416983153     
          72          82   1.26731248218608     
          43          83  0.494785170363301     
          49          83  0.727862016052803     
          50          83  0.544358266728788     
          55          83  0.772586864535690     
          56          83  0.203702904801860     
          61          83  0.691879613267248     
          31          84  0.959373090650786     
          49          85  0.940105287676604     
          55          86  0.942430967532096     
          67          87  0.957561767213179     
          36          88  0.941130197105716     
          48          89  0.952996411110239     
          60          90  0.924822173847464     
