   -0.41507867
    0.21733882
   -0.10206977
    0.12728795
   -0.01031549
   -0.05011485
   -0.08096069
    0.10112766
   -0.41235817
    0.12451985
   -0.39127931
   -0.06628710
   -0.22531660
    0.13474132
   -0.10290423
    0.14200418
   -0.38692959
   -0.12652757
    0.15266567
   -0.35607612
   -0.06341005
    0.06732401
    0.04749505
    0.03401379
    0.30490176
    0.32346115
    0.06660491
    0.07058177
    0.30836594
    0.03275732
    0.30146528
    0.11594763
    0.03168721
   -0.01617348
    0.01792105
   -0.04354330
    0.01536612
    0.06178429
    0.00233851
    0.05933405
    0.02450667
    0.00473954
    0.05464940
    0.08845544
    0.06727961
    0.06100966
    0.04797352
    0.05981797
    0.10957691
    0.03483745
    0.04221069
    0.08178536
    0.02800930
    0.04626953
    0.03997629
    0.00926649
   -0.01991773
    0.00802481
   -0.01123888
    0.02097853
    0.03191976
    0.10105422
    0.07793617
    0.05387866
    0.03819926
    0.03021023
    0.04299418
    0.04931734
    0.08649132
    0.07912171
    0.00761099
    0.01053664
    0.00619144
    0.02443314
    0.00036589
    0.01586671
    0.00766412
    0.00921898
    0.13872170
   -0.13639782
   -0.10605562
   -0.13236468
   -0.14954640
   -0.13118910
   -0.14320622
   -0.11696646
   -0.14991082
   -0.13078727
   -0.13980792
   -0.13673726
   -0.14866377
