           1           2   1.68635615746037     
           2           3   1.09492578167796     
           3           4   1.63740596991676     
           4           5   1.05138910073511     
           5           6   1.37404065722283     
           6           7   1.43894741358279     
           7           8   1.38760078625181     
           8           9   1.04247579441177     
           8          10   1.29977707538244     
          10          11   1.07663387117913     
           5          12   1.36462648304998     
          10          12   1.40175186389492     
           4          13   1.03488301368187     
          13          14   1.06272287332134     
          14          15   1.36801885987919     
          15          16   1.36823576091399     
          16          17   1.07885620995595     
          16          18   1.36495536136094     
          18          19   1.37561413364711     
          19          20   1.10201480020423     
           2          21   1.05013005816990     
          14          21   1.32334360707468     
          19          21   1.29525934963169     
           3          22  0.962656769447228     
           6          23  0.970056074106861     
           7          24  0.966056335943638     
           9          25  0.884573426250532     
          11          26  0.871840803646794     
          12          27  0.964158163648703     
          15          28  0.963812682312807     
          17          29  0.884033002106523     
          18          30  0.961477782297734     
          20          31  0.887168326304537     
          33          34   1.19996709486600     
          35          36   1.37905635567287     
          37          38   1.30621429268681     
          32          39   1.20523123367366     
          33          39  0.852565265011544     
          33          40  0.531300843585682     
          39          40   1.07120713849690     
          34          41   1.12096266437570     
          35          42   1.08046834724754     
          41          42  0.997782811210797     
          36          43   1.11703911188338     
          37          43  0.751267551898625     
          37          44  0.685724179771393     
          38          44  0.128658810645194     
          43          44  0.458994582926713     
          37          45  0.680141653188834     
          38          45  0.819967961755344     
          44          45  0.901254664934593     
          40          46  0.816716980912313     
          33          47  0.139418162999010     
          40          47  0.707344893795589     
          46          47  0.803183188977661     
          33          48  0.485281392688415     
          34          48  0.453008033581351     
          47          48  0.811231647847772     
          34          49  0.465158768479416     
          41          49  0.442852285058495     
          48          49  0.646646642147379     
          41          50  0.547583856976332     
          42          50  0.613135858168405     
          49          50  0.517045411362266     
          35          51  0.427682747664018     
          42          51  0.643657159246887     
          50          51  0.947796420318957     
          35          52  0.105099280781582     
          36          52  0.621545801428206     
          43          52  0.637055217154294     
          43          53  0.319858079189619     
          44          53  0.573917679248090     
          52          53  0.643593340499162     
          44          54  0.691896484926308     
          53          54  0.772215349674701     
          54          55  0.803731194147834     
          46          56  0.834239357645034     
          47          56  0.850442522257307     
          48          57  0.796441166621590     
          49          57  0.726666063344478     
          49          58  0.704112210510235     
          50          58  0.720528909189026     
          57          58  0.597514002785693     
          51          59   1.03845841266108     
          52          59  0.640432041783978     
          52          60  0.683229813532881     
          53          60   1.02462695753564     
          59          60  0.463352592942551     
          54          61  0.831304587231619     
          55          61  0.737243898628624     
          54          62  0.160618573241200     
          55          62   1.02025056561329     
          61          62  0.962011735131811     
          56          63  0.723320344109513     
          56          64  0.878931381626694     
          63          64  0.827133868034383     
          57          65   1.10741734379024     
          58          66   1.09016945689278     
          59          67  0.896273587798827     
          59          68  0.266280398045271     
          60          68  0.965326300576167     
          67          68  0.663118102106841     
          61          69  0.898852034893220     
          62          69  0.181887431443643     
          63          70  0.864529586023590     
          64          70  0.875493562674104     
          64          71  0.764316550108032     
          65          71  0.689533842526713     
          70          71  0.660084074797925     
          65          72  0.827732976648909     
          71          72   1.26098502140188     
          65          73  0.548304765462466     
          66          73  0.585772353812440     
          72          73   1.11433162094121     
          66          74  0.861884721227028     
          73          74   1.11575166977376     
          66          75  0.696497419678389     
          67          75  0.788562545078833     
          74          75   1.16141857509344     
          67          76  0.711360023140073     
          68          76  0.682486928715144     
          75          76  0.739248107601272     
          68          77  0.749395933608792     
          76          77   1.19591161323286     
          69          78  0.989185485834823     
          77          78   1.06126995206695     
          69          79  0.157665816231504     
          77          79  0.120503733353666     
          78          79   1.06422093589897     
          79          80  0.952821332819819     
          55          81  0.909550110095096     
          69          82  0.933415038959705     
          32          83  0.940346613220051     
          70          84  0.955967326380963     
          62          85  0.970759453057375     
          46          86  0.923203772140611     
          38          87  0.967670767365853     
          63          88  0.954083979369636     
          45          89  0.937058208112385     
          79          90  0.952377127416839     
          32          91  0.944043766957983     
