   -0.32362809
    0.05491403
   -0.05573890
   -0.05053263
    0.05778939
   -0.15187849
   -0.14277283
    0.07188355
   -0.04152985
   -0.05353918
    0.00426279
   -0.12655229
    1.31234255
   -0.60682529
   -0.63992252
   -0.55080428
   -0.06529249
    0.07743411
   -0.28491696
   -0.07684287
    0.01791628
   -0.06506552
    0.00211108
   -0.03820412
   -0.04239430
   -0.04002277
   -0.04393490
   -0.01039325
    0.14290333
    0.14539646
    0.03806424
    0.03295335
    0.04058396
    0.04465830
    0.34814745
    0.04995436
    0.15903504
    0.15939490
    0.03462554
    0.03566663
    0.03527780
    0.02069659
    0.01884047
    0.01639492
    0.04387909
    0.02879285
    0.01401747
    0.00565125
    0.01460063
    0.03817696
    0.05940394
    0.02541438
    0.05060440
    0.10340308
    0.00217375
    0.08639150
    0.06141735
    0.01289863
    0.01798141
   -0.01499723
    0.00988576
    0.07526173
    0.06601711
   -0.01035807
   -0.00563426
    0.01345405
    0.05496973
    0.04524914
    0.07523735
    0.00011241
    0.00308305
    0.02232976
    0.03274397
    0.07291842
   -0.00462061
    0.01758412
    0.06499170
    0.09762788
    0.02110105
    0.01383667
    0.07174072
    0.04269000
    0.01876631
    0.01066857
    0.00445661
   -0.00167151
   -0.02815185
    0.02109337
   -0.02434494
    0.04250321
    0.03690613
    0.01567162
   -0.03592094
   -0.01864207
    0.02494923
    0.02165386
    0.08727154
   -0.17144627
   -0.14088505
   -0.13625230
   -0.15032480
   -0.13660197
   -0.14104506
   -0.13914040
