           1           2   1.05858736848617     
           2           3   1.44508745638780     
           3           4   1.38667348715152     
           4           5   1.41747982698548     
           5           6   1.09668737420839     
           6           7   1.60302280680466     
           7           8   1.10897610076159     
           8           9   1.29691342646181     
           9          10   1.52319209675420     
          10          11   1.28143916394042     
          11          12   1.28217122478002     
          12          13  0.735422332635298     
          12          14  0.102278640066606     
          13          14   1.55015067270378     
          13          15   1.51716844969042     
          14          15  0.113325230366786     
          13          16  0.935814490707692     
          12          17   1.44603726933394     
          17          18   1.31027484174297     
          18          19   1.13051203480357     
          18          20   1.40343402853066     
          11          21   1.21717380209493     
          20          21   1.29203358515080     
           8          22   1.39483625500844     
          10          22  0.100355481110085     
          21          22   1.31038836414616     
           5          23   1.22834283700117     
          23          24   1.31128327999187     
          24          25   1.49898413880031     
          25          26   1.37232480960452     
          24          27  0.121020305699071     
          26          27   1.50237652414770     
           2          28   1.24634653780518     
          23          28   1.23416037144369     
          27          28   1.30196185887207     
           1          29  0.956503907245499     
           1          30  0.947042533005118     
           3          31  0.967741987319249     
           4          32  0.969555184746305     
           9          33  0.967463145817911     
          10          34  0.967231987309264     
          16          35  0.855985080971519     
          17          36  0.962606766460744     
          19          37  0.955999555589546     
          19          38  0.955394289193890     
          20          39  0.966461658461595     
          22          40  0.968180124901083     
          24          41  0.968691790511162     
          25          42  0.971083618926140     
          26          43  0.971516967727504     
          27          44  0.965079924301553     
          48          49   1.01643008507644     
          45          51  0.834766363786660     
          46          51  0.507418408430745     
          46          52  0.556547186863434     
          47          53  0.447055506979594     
          52          53  0.694701675204773     
          47          54  0.485693964675446     
          48          54  0.561108913222811     
          53          54  0.520444742196218     
          49          55  0.681994244120580     
          50          56  0.799806051063428     
          51          57  0.835138530724015     
          51          58  0.392339466218662     
          52          58   1.10178188446213     
          57          58  0.692033657197029     
          53          59  0.959044519483252     
          53          60  0.233844287963661     
          54          60  0.623441720863073     
          59          60  0.418659143473790     
          55          61   1.10704949176214     
          56          61  0.515708586184485     
          50          62  0.807680611512318     
          56          62  0.844902492700920     
          57          63  0.755773968324528     
          57          64  0.555809310570216     
          58          64  0.928690793370123     
          59          65   1.09594866707344     
          59          66  0.589658727298025     
          60          66   1.11356009089745     
          65          66  0.552478021709215     
          61          67  0.831023009361168     
          56          68  0.685799928953052     
          61          68  0.607460427950406     
          62          68  0.675987347838631     
          67          68  0.542700237933926     
          63          69  0.825949556263704     
          64          70   1.26874560241021     
          65          71   1.15810507525779     
          65          72  0.397766823427022     
          66          72  0.971659940839381     
          71          72  0.459509325719712     
          67          73  0.861386681396841     
          67          74  0.500472024191660     
          68          74  0.868514941359543     
          69          75  0.727474935266015     
          70          76   1.33041988505772     
          71          77   1.01497531009327     
          71          78  0.511262200042594     
          72          78  0.654034639412826     
          77          78  0.537625089192748     
          73          79   1.00458657129677     
          67          80  0.560445004829139     
          73          80  0.633521262869574     
          74          80  0.888852525514781     
          75          81   1.22614911236493     
          76          82  0.686241049468270     
          81          82  0.144128207709684     
          77          83  0.648009343341669     
          78          84  0.525747307733903     
          79          85  0.631884951789601     
          84          85   1.07685725513614     
          73          86  0.544378109002765     
          80          86   1.23047553018912     
          45          87   1.42109062057955     
          46          87   1.12117642263102     
          51          87  0.783508091447350     
          46          88  0.983295990447655     
          47          88   1.01219036122801     
          52          88  0.763582350741481     
          53          88  0.504897726318862     
          47          89   1.27417262031177     
          48          89   1.28369030542481     
          54          89  0.589783767123445     
          48          90  0.358955359277670     
          49          90  0.484292133062179     
          54          90  0.618523876609069     
          55          90  0.919273453498300     
          60          90  0.904861991946730     
          49          91   1.09182190237895     
          50          91  0.854656708926067     
          55          91  0.506183544010573     
          56          91  0.593858139871278     
          61          91  0.181974127307923     
          70          92  0.155991304357261     
          75          92  0.709955661640766     
          76          92  0.606990724866193     
          81          92  0.845915179191710     
          82          92   1.10900130876804     
          76          93  0.572119380163850     
          77          93  0.577561225743834     
          82          93   1.15908996221278     
          83          93   1.13512487542781     
          77          94  0.449476598217624     
          78          94  0.508896001824641     
          83          94   1.20678222444044     
          84          94   1.12345725911029     
          72          95  0.774946287767089     
          78          95  0.627832631053217     
          79          95   1.01889578605601     
          84          95  0.397436021303488     
          85          95  0.500487446211753     
          73          96  0.322616310038592     
          79          96  0.531184507691323     
          85          96   1.05593493015748     
          86          96   1.25954608568723     
          57          97  0.495401525530849     
          63          97  0.725015832212279     
          64          97  0.545199800679939     
          69          97  0.771387059249500     
          70          97  0.204133269711481     
          75          97  0.692827901300904     
          45          98  0.960467072359640     
          63          99  0.941069022242013     
          69         100  0.943406861589933     
          81         101  0.958264541587092     
          50         102  0.941734241801307     
          62         103  0.953706477622418     
          74         104  0.925546530366054     
