   -0.36742457
    0.08617190
    0.05526023
   -0.50036851
    0.06899277
   -0.00613494
   -0.05024694
   -0.06322043
    0.11493783
   -0.40363216
    0.09810265
   -0.42323117
   -0.08923579
   -0.26218249
    0.11471914
   -0.07133316
   -0.07425081
    0.12921070
   -0.40850214
   -0.10542866
   -0.04559140
    0.35532360
    0.04502208
    0.05062652
    0.31572819
    0.30215782
    0.03741082
    0.03819666
    0.03906521
    0.29480883
    0.03354304
    0.04325138
    0.02839997
    0.01331548
    0.01071399
    0.01864928
    0.03658479
    0.06442704
    0.03269046
    0.05034322
    0.09657679
    0.00747989
    0.08698898
    0.06368402
    0.00666954
    0.12838346
   -0.01692431
    0.00640973
    0.07572123
    0.06219076
   -0.00982336
    0.08943438
    0.00514946
    0.05806502
    0.04723340
    0.07296109
   -0.00000261
   -0.00406815
    0.01300081
    0.03403648
    0.06823325
   -0.00366223
    0.01678805
    0.06411481
    0.10212277
    0.02115125
    0.01295574
    0.06986283
    0.04477342
    0.02175322
    0.00694121
    0.01058530
   -0.00004375
   -0.02991582
    0.02686256
   -0.02237944
    0.04241819
    0.03941817
    0.01554155
   -0.03547307
   -0.01902119
    0.01990101
    0.01654628
    0.08776535
   -0.16978027
   -0.14110858
   -0.13679262
   -0.15095788
   -0.13387137
   -0.13783331
   -0.13693248
