           1           2   1.58708252583380     
           2           3   1.07632436100835     
           3           4   1.05871724435396     
           3           5   1.54855208796047     
           5           6   1.04902302250654     
           6           7   1.37692134131631     
           7           8   1.44727124779894     
           8           9   1.37988490720409     
           9          10   1.06974301989962     
           9          11   1.30581862305563     
          11          12   1.03993598381500     
           6          13   1.36504939891091     
          11          13   1.40920222291085     
           5          14   1.02846951883716     
          14          15   1.05196547409543     
          15          16   1.36551237956819     
          16          17   1.43160591005655     
          17          18   1.35013041530224     
          18          19   1.06314839397618     
          18          20   1.39765287072962     
           2          21   1.08496189087934     
          15          21   1.30690284387533     
          20          21   1.33742785074885     
           4          22  0.856034302248000     
           7          23  0.969848069670035     
           8          24  0.966997315586291     
          10          25  0.874609711064311     
          12          26  0.884783323264876     
          13          27  0.963727167085200     
          16          28  0.968589941651809     
          17          29  0.968359412608212     
          19          30  0.888368003245014     
          20          31  0.961846193074368     
          35          36   1.01772042344561     
          32          38  0.837142555197542     
          33          38  0.508051329498465     
          33          39  0.556532548386439     
          34          40  0.446938551659754     
          39          40  0.691128711598147     
          34          41  0.485029227376578     
          35          41  0.561576608891790     
          40          41  0.519888039527372     
          36          42  0.682443611895660     
          37          43  0.800135375617089     
          38          44  0.834707273459801     
          38          45  0.389900210464659     
          39          45   1.10573143839124     
          44          45  0.692000439405537     
          40          46  0.963954291965509     
          40          47  0.233233516222233     
          41          47  0.625318723694839     
          46          47  0.416939024222914     
          42          48   1.10697410945962     
          43          48  0.515694500144929     
          37          49  0.809604053545401     
          43          49  0.845033861020740     
          44          50  0.754503008411639     
          44          51  0.556931830876644     
          45          51  0.929952735674726     
          46          52   1.10179469013672     
          46          53  0.590176995060209     
          47          53   1.11495293032578     
          52          53  0.553306620213322     
          48          54  0.831625062492586     
          43          55  0.686183107422838     
          48          55  0.607294885116075     
          49          55  0.678184568276412     
          54          55  0.540948508139238     
          50          56  0.829756425729555     
          51          57   1.26791953991367     
          52          58   1.15908984620010     
          52          59  0.392792741816544     
          53          59  0.972059403277587     
          58          59  0.457089113767161     
          54          60  0.864284567793908     
          54          61  0.499100201291006     
          55          61  0.869456357847293     
          56          62  0.725740260203748     
          57          63   1.32994007988699     
          58          64   1.01489296853547     
          58          65  0.509284788341117     
          59          65  0.657370955810506     
          64          65  0.537286422057198     
          60          66   1.00669152059501     
          54          67  0.560049991082417     
          60          67  0.632303295533463     
          61          67  0.890202042974481     
          62          68   1.22984812370816     
          63          69  0.686145713871569     
          68          69  0.144248114380880     
          64          70  0.647052427100884     
          65          71  0.525409861585729     
          66          72  0.629806007724192     
          71          72   1.07986052598191     
          60          73  0.541204164019276     
          67          73   1.23204397250758     
          32          74   1.42830482796402     
          33          74   1.12324210983835     
          38          74  0.786823344141488     
          33          75  0.987649515793919     
          34          75   1.01375472369096     
          39          75  0.768118024413630     
          40          75  0.503029716183492     
          34          76   1.27467143724720     
          35          76   1.28864138781189     
          41          76  0.590423093634946     
          35          77  0.358114343102565     
          36          77  0.482860817282836     
          41          77  0.618899189602384     
          42          77  0.920322530436140     
          47          77  0.908665100517931     
          36          78   1.09412489559247     
          37          78  0.855646491622489     
          42          78  0.506397913909894     
          43          78  0.593069597249164     
          48          78  0.181154051092563     
          57          79  0.156869112678737     
          62          79  0.711523999398836     
          63          79  0.605793436328802     
          68          79  0.849305590050069     
          69          79   1.10752283120875     
          63          80  0.573996439055689     
          64          80  0.577287183074637     
          69          80   1.16089663480915     
          70          80   1.13447832752946     
          64          81  0.450157668488756     
          65          81  0.507006839420595     
          70          81   1.20844701809746     
          71          81   1.12980556737400     
          59          82  0.780853366515599     
          65          82  0.629855359840247     
          66          82   1.02634944249736     
          71          82  0.391917849740897     
          72          82  0.494510066024620     
          60          83  0.319587913920084     
          66          83  0.526331598550856     
          72          83   1.06257023135785     
          73          83   1.26450637549603     
          44          84  0.495149575478104     
          50          84  0.727941044195335     
          51          84  0.544436535514669     
          56          84  0.772632168035876     
          57          84  0.204294124708822     
          62          84  0.691316814442986     
          32          85  0.958278578448005     
          50          86  0.939897844170933     
          56          87  0.942240765564872     
          68          88  0.956839379523806     
          37          89  0.940817060486589     
          49          90  0.952589961755672     
          61          91  0.924533712455902     
