   -0.46580262
    0.33769706
   -0.40093932
   -0.08533759
   -0.02986981
   -0.00968529
   -0.05405304
   -0.08445324
    0.09535046
   -0.40769881
    0.10688762
   -0.39783185
    0.10683455
   -0.25169862
    0.33620184
   -0.39659226
    0.09027456
   -0.07382115
    0.00156051
   -0.06235277
   -0.06647254
    0.12047015
   -0.39733263
    0.10517765
   -0.41174234
   -0.07888339
   -0.44775750
    0.31898488
    0.05408000
    0.06293725
    0.05327291
    0.04207183
    0.31120636
    0.33595995
    0.06567871
    0.06536727
    0.06902379
    0.04480256
    0.05702483
    0.32150541
    0.30741633
    0.05529220
    0.30785011
    0.03978296
    0.02325887
    0.00699838
    0.00192466
    0.01133478
    0.03668768
    0.05865462
    0.02418690
    0.04848192
    0.10268150
    0.00109491
    0.08530806
    0.06032259
    0.01074112
    0.01358446
   -0.01704411
    0.00888035
    0.07426940
    0.06438809
   -0.01101840
   -0.00858919
    0.01328447
    0.05391076
    0.04421221
    0.07389805
   -0.00050317
    0.00251588
    0.02016825
    0.03206905
    0.07239688
   -0.00632732
    0.01689364
    0.06521843
    0.09743786
    0.01970638
    0.01277089
    0.06936523
    0.04157419
    0.01834656
    0.00974251
    0.00345814
   -0.00283441
   -0.03875076
    0.01372662
   -0.03228697
    0.04042438
    0.03438686
    0.01449124
   -0.03696466
   -0.01982948
    0.02270240
    0.02011743
    0.08649272
   -0.17856212
   -0.14573885
   -0.14100632
   -0.15475515
   -0.14118313
   -0.14448961
   -0.14261267
