           1           2   1.66548047084525     
           1           3  0.152815489047619     
           2           3   1.09063485248905     
           2           4   1.06833565102636     
           4           5   1.71564635816154     
           5           6   1.09278553802871     
           6           7   1.36099242709163     
           7           8   1.44574522608913     
           8           9   1.37694932144735     
           9          10   1.04652317420083     
           9          11   1.30455953426730     
          11          12   1.07382982817920     
           6          13   1.31756366269131     
          11          13   1.36220753869413     
          13          14  0.960730876575440     
          14          15   1.09180787461257     
          14          16  0.166290287620932     
          15          16   1.76265095579375     
          15          17  0.954465551120267     
          17          18  0.962141409684199     
          18          19   1.00743671964452     
          19          20   1.41458756537947     
          20          21   1.43400935489594     
          21          22   1.38878827296849     
          22          23   1.07394001755020     
          22          24   1.30783429990837     
          24          25   1.04580167502635     
          19          26   1.39997561334824     
          24          26   1.40281633852814     
          17          27  0.995269151650895     
           3          28  0.871901219843909     
           4          29  0.964630930946819     
           5          30  0.953677390509357     
           7          31  0.968617259959240     
           8          32  0.965598630181763     
          10          33  0.879597139061785     
          12          34  0.866363223005052     
          17          35  0.938360302802954     
          18          36  0.969381036971416     
          18          37  0.964855037054953     
          20          38  0.968888811220428     
          21          39  0.966450656552737     
          23          40  0.872819638730789     
          25          41  0.882996349549974     
          26          42  0.962455707576595     
          27          43  0.876672390914846     
          45          46   1.19940158974243     
          47          48   1.37643881928122     
          49          50   1.30592334397886     
          44          51   1.20697941080052     
          45          51  0.855956795185836     
          45          52  0.531183032815458     
          51          52   1.07132267948201     
          46          53   1.12190660781000     
          47          54   1.08166595721471     
          53          54  0.997156963718444     
          48          55   1.11529199550842     
          49          55  0.751412500306509     
          49          56  0.685837844499085     
          50          56  0.129032967206302     
          55          56  0.458958300742358     
          49          57  0.679726537927163     
          50          57  0.818505232769629     
          56          57  0.901484720388070     
          52          58  0.818101804987263     
          45          59  0.139282510174480     
          52          59  0.707391488051176     
          58          59  0.802676140622330     
          45          60  0.483895424444069     
          46          60  0.452471975733190     
          59          60  0.810924883436060     
          46          61  0.464975142289923     
          53          61  0.443412066007756     
          60          61  0.647103013272873     
          53          62  0.546275028990212     
          54          62  0.613668979475426     
          61          62  0.516997250836115     
          47          63  0.428197669170639     
          54          63  0.642915164232562     
          62          63  0.947774753677080     
          47          64  0.104942828355907     
          48          64  0.621806632601125     
          55          64  0.636924273266564     
          55          65  0.320923498145219     
          56          65  0.573415930610680     
          64          65  0.643675925744831     
          56          66  0.691513500088206     
          65          66  0.771041754169388     
          66          67  0.805979272051056     
          58          68  0.832078861579610     
          59          68  0.850115109282276     
          60          69  0.797355300209587     
          61          69  0.726557738482159     
          61          70  0.703671081278048     
          62          70  0.720093545035364     
          69          70  0.596962560748178     
          63          71   1.03880865840287     
          64          71  0.640097456557852     
          64          72  0.683936704535063     
          65          72   1.02301003191923     
          71          72  0.463070814852534     
          66          73  0.832519406828776     
          67          73  0.737438446885804     
          66          74  0.162463047675813     
          67          74   1.01007928141723     
          73          74  0.959402700586667     
          68          75  0.721829030044156     
          68          76  0.878728642378834     
          75          76  0.827164418915007     
          69          77   1.10619253059936     
          70          78   1.08954061891575     
          71          79  0.897027148850320     
          71          80  0.265904403142507     
          72          80  0.967117564198336     
          79          80  0.662851781352217     
          73          81  0.897488708776604     
          74          81  0.181598944349530     
          75          82  0.861434975828029     
          76          82  0.873926829001120     
          76          83  0.765764953751183     
          77          83  0.687737181641106     
          82          83  0.658979918578865     
          77          84  0.827570715372926     
          83          84   1.25861804206762     
          77          85  0.549329473413876     
          78          85  0.585120571548439     
          84          85   1.11348193254624     
          78          86  0.860353064805441     
          85          86   1.11437667537593     
          78          87  0.697531618085723     
          79          87  0.788681706963730     
          86          87   1.16116783577756     
          79          88  0.709535505919357     
          80          88  0.683043551657399     
          87          88  0.738552501034034     
          80          89  0.749276048392108     
          88          89   1.19620271053714     
          81          90  0.990149593547527     
          89          90   1.06150227473328     
          81          91  0.157507817629648     
          89          91  0.120086349453034     
          90          91   1.06028118331012     
          91          92  0.952936991406745     
          67          93  0.908979848448982     
          81          94  0.933738762778143     
          44          95  0.940420002199157     
          82          96  0.956677387039496     
          74          97  0.972426738104009     
          58          98  0.923150212399438     
          50          99  0.968137083835789     
          75         100  0.954704713718782     
          57         101  0.937269088438134     
          91         102  0.952625950449202     
          44         103  0.943710826591753     
