    0.03382192
   -0.25584743
    0.12337129
   -0.08030757
    0.00006155
   -0.03227576
   -0.08896426
    0.21219817
   -0.42750601
   -0.11205805
    0.10442749
   -0.32126930
   -0.07064883
   -0.06559905
    0.00139142
   -0.05513362
   -0.07540196
    0.11458077
   -0.38892001
    0.11994115
   -0.26367950
    0.03626360
   -0.08909348
   -0.06180116
   -0.08894844
    0.12156177
   -0.38377924
    0.06216304
    0.04125814
    0.04050580
    0.04517732
    0.05772830
    0.04219403
    0.05520193
    0.05744988
    0.04144199
    0.03006300
    0.04048222
    0.02430930
    0.29625794
    0.05815045
    0.03738021
    0.03547623
    0.03250564
    0.04666776
    0.04742835
    0.30578269
    0.07021360
    0.05332880
    0.04052864
    0.03607739
    0.07280265
    0.01931786
    0.06524759
    0.07582951
    0.03399653
    0.08568939
    0.05396736
    0.03372098
    0.00584253
    0.01461344
    0.05048179
    0.05310954
    0.04822910
    0.03045064
    0.19160516
    0.06807259
    0.06124218
    0.03298701
    0.01736209
    0.06859042
    0.02682747
    0.07041265
    0.03371281
    0.04017943
    0.07824575
    0.03751839
    0.03987823
    0.02472616
    0.02978766
    0.08227815
    0.07993512
    0.09327575
    0.05779278
    0.02096843
    0.07051589
    0.05548117
   -0.11583936
    0.03930009
   -0.13366562
   -0.12781794
   -0.10200720
   -0.10438444
   -0.10319599
   -0.12380260
   -0.07680541
   -0.10757299
   -0.10338115
   -0.13793455
   -0.09769740
   -0.11395460
   -0.12009315
