           1           2  0.989592266798356     
           2           3   1.05906559702792     
           3           4   1.42867292027080     
           4           5   1.32378493782319     
           5           6   1.14355141265387     
           6           7   1.68323699668315     
           7           8   1.10974733304424     
           8           9   1.70660182394888     
           8          10  0.940726421509472     
          10          11  0.990859267103174     
          11          12   1.10535299941400     
          11          13   1.39414234265585     
          13          14   1.44851325322893     
          14          15   1.21675439715979     
          15          16   1.32149922521500     
          16          17   1.45897920026715     
          17          18   1.38126218142571     
          18          19   1.06173285626519     
          18          20   1.26113533052510     
          20          21   1.04699010548343     
          21          22  0.993481656199753     
          15          23   1.29071686187046     
          20          23   1.44286650197696     
           5          24   1.35859867019841     
          24          25   1.44728616046150     
           3          26   1.26059561409871     
          25          26   1.38523107627404     
          26          27   1.08518749788842     
           1          28  0.979385286682475     
           1          29  0.975946780396026     
           1          30  0.975887127441444     
           4          31  0.963205141435967     
           6          32  0.961181658075453     
           7          33  0.954796936109268     
          10          34  0.967127575987984     
          10          35  0.951427033567769     
          13          36  0.959642336675555     
          14          37  0.964714626334996     
          16          38  0.966012796649784     
          17          39  0.965298378962518     
          19          40  0.891559634132728     
          22          41  0.979604638961611     
          22          42  0.975940822753478     
          22          43  0.975793331070640     
          23          44  0.963733998988043     
          24          45  0.955865911366733     
          25          46  0.944441989441541     
          27          47  0.864790762671755     
          48          49  0.796377580170982     
          49          50  0.759422613498667     
          48          51  0.991386667662869     
          49          51  0.584737662831474     
          49          52  0.136880607421575     
          50          52   1.15039569797226     
          49          53  0.663245179810670     
          50          53  0.344958697582661     
          52          53  0.401224618537353     
          53          54  0.998137876762302     
          53          55  0.107536676887962     
          54          55   1.04924194960507     
          52          56  0.584805847809836     
          53          56  0.813531867122471     
          54          57  0.108340641914744     
          55          57  0.984538537814090     
          51          58  0.842127751826925     
          51          59  0.717344074461311     
          58          59  0.787393565877224     
          52          60  0.779209161926559     
          56          60  0.399793151055224     
          59          60  0.886435047618779     
          58          61  0.786703588456991     
          59          61  0.799810330053542     
          60          62  0.658915975130156     
          56          63  0.693975400246174     
          60          63  0.524267333726258     
          62          63   1.03312358029537     
          56          64  0.762085736580932     
          57          64  0.115672941566589     
          63          64  0.540861827340592     
          55          65  0.139832014860057     
          57          65   1.02148718921767     
          64          65   1.01845869918551     
          12          66   1.01377759862350     
          62          66  0.154772414048502     
          63          66  0.485109967477484     
          64          66  0.700099405294925     
          65          67  0.811824099243531     
          61          68  0.856174977941484     
          61          69  0.816234938209275     
          68          69  0.763253893187582     
          62          70  0.683954127664807     
          69          70  0.983416971477303     
          68          71  0.810978762990462     
          69          71  0.654165230038709     
          70          72  0.846550340991160     
          62          73  0.554492523096510     
          70          73  0.685196069756991     
          72          73  0.826575238925995     
          66          74  0.718660700634741     
          73          74  0.579999778155169     
          65          75  0.141733910211393     
          67          75   1.19540000910420     
          74          75  0.861355776428492     
          72          76  0.267331306518082     
          73          76  0.655435113398667     
          74          76  0.782419730794787     
          67          77  0.112246210638813     
          74          77  0.251563276448926     
          75          77  0.780179551063208     
          76          77  0.319847323398583     
          71          78  0.778835037420530     
          71          79  0.803832696854747     
          78          79  0.718868460171581     
          72          80  0.664708285483084     
          79          80  0.955940893971440     
          71          81  0.150645168299237     
          78          81   1.06391051591171     
          79          81  0.939651981593947     
          80          81  0.166944706598521     
          80          82  0.800296559576965     
          72          83  0.675009840145423     
          76          83  0.129440690324724     
          80          83  0.725227119902683     
          82          83  0.746276096368666     
          76          84  0.696716008317478     
          83          84  0.501681717354443     
          76          85  0.497427664194798     
          77          85  0.953267060646403     
          84          85  0.667935362837770     
          82          86  0.735157727834660     
          83          86  0.649057226594687     
          84          86  0.746694374544259     
          84          87  0.838042627731985     
          85          87   1.13782366766666     
          86          87  0.304997780670718     
          48          88  0.955319990225857     
          48          89  0.516427299548433     
          49          89  0.444027279210340     
          50          90  0.952079289353620     
          54          91  0.935964202440703     
          55          92  0.920051541194363     
          57          93  0.933532281011694     
          58          94  0.927140188159756     
          67          95  0.960656898267599     
          68          96  0.904204666359724     
          77          97  0.918331472810709     
          78          98  0.898777884195735     
          81          99  0.972057822396461     
          82         100  0.952059125153905     
          86         101  0.953047643268414     
          87         102  0.966271088222075     
