   -0.18157703
    0.08118678
   -0.08188288
    0.05393271
   -0.26574016
    0.05446376
    0.04225212
   -0.06005206
   -0.05667718
    0.05940267
   -0.04479229
   -0.05424787
   -0.18879102
    0.00159419
   -0.04262928
   -0.03859844
   -0.04428551
   -0.05521254
   -0.06698402
    0.03203129
    0.06827521
    0.05067215
    0.04537692
    0.05677459
    0.02477678
    0.02256716
    0.02434014
    0.04828596
    0.08375320
    0.04164863
    0.02604983
    0.01007172
    0.00369101
    0.01340810
    0.03936957
    0.05901978
    0.02494583
    0.04982717
    0.10303673
    0.00233975
    0.08482240
    0.06083462
    0.01179090
    0.01875119
   -0.01631999
    0.01054450
    0.07762094
    0.06487234
   -0.01092105
   -0.00201884
    0.01329695
    0.05602214
    0.04660688
    0.07418385
   -0.00078815
    0.00493562
    0.02075637
    0.03325350
    0.07355100
   -0.00589244
    0.01700186
    0.06560802
    0.09746249
    0.02077880
    0.01542427
    0.06997641
    0.04166757
    0.01709214
    0.00938308
    0.00342268
   -0.00083754
   -0.03386867
    0.01655242
   -0.02944411
    0.04214925
    0.03720367
    0.01493879
   -0.03697171
   -0.02036548
    0.02348692
    0.02091514
    0.08676282
   -0.17646466
   -0.14511584
   -0.14054868
   -0.15470481
   -0.13814437
   -0.14016215
   -0.14072451
