           1           2  0.985146738820625     
           2           3   1.49700670516109     
           3           4   1.29506315595101     
           2           5  0.117887752618198     
           4           5   1.41895563305328     
           2           6   1.18486008134813     
           5           6   1.15038234016078     
           6           7   1.05149452934707     
           7           8   1.33495586145255     
           8           9   1.46890162703932     
           9          10   1.38236414482251     
           8          11  0.101447861242291     
          10          11   1.38872810123619     
           7          12   1.35824910366534     
          11          12   1.45194531572468     
          10          13  0.983031255052434     
           4          14   1.07826245903967     
          14          15   1.37114953388113     
          15          16   1.45480355421552     
          16          17   1.42773084633715     
          15          18  0.104642486186084     
          17          18   1.42594732651910     
          14          19   1.36440937891702     
          16          19  0.106053387153079     
          18          19   1.45908321841744     
           3          20  0.969885683568530     
           8          21  0.964116209267259     
           9          22  0.968434350404106     
          11          23  0.969253215190908     
          12          24  0.960449232124614     
          15          25  0.968913339614913     
          16          26  0.971711944502681     
          17          27  0.971510890088235     
          18          28  0.971540258472741     
          19          29  0.968960841504125     
          31          32   1.19961010928765     
          33          34   1.37656005626620     
          35          36   1.30517804694059     
          30          37   1.20519206131975     
          31          37  0.852020623311602     
          31          38  0.529871602307033     
          37          38   1.07031952574879     
          32          39   1.12257946175752     
          33          40   1.08153171468935     
          39          40  0.997277016634995     
          34          41   1.11536880348560     
          35          41  0.751473921316176     
          35          42  0.686327171729280     
          36          42  0.129445241801709     
          41          42  0.459410416618840     
          35          43  0.679626149482733     
          36          43  0.817131559380566     
          42          43  0.901561408813463     
          38          44  0.817792720117809     
          31          45  0.139827648129405     
          38          45  0.708479125333622     
          44          45  0.801580086514692     
          31          46  0.485376937856038     
          32          46  0.452754115115080     
          45          46  0.810794162937792     
          32          47  0.464652745476723     
          39          47  0.443000038393538     
          46          47  0.646320911018453     
          39          48  0.545707036702559     
          40          48  0.613162305449770     
          47          48  0.516929206260948     
          33          49  0.428327014914308     
          40          49  0.642996643954889     
          48          49  0.948788041823161     
          33          50  0.105113889766570     
          34          50  0.621669136654942     
          41          50  0.636461003032549     
          41          51  0.320694791324436     
          42          51  0.572253804751815     
          50          51  0.643997956122092     
          42          52  0.691365911261708     
          51          52  0.770527367160023     
          52          53  0.806647663295955     
          44          54  0.832475916709956     
          45          54  0.849855789502854     
          46          55  0.796355427609435     
          47          55  0.726860214826458     
          47          56  0.704426438685618     
          48          56  0.720296729692598     
          55          56  0.597892236413033     
          49          57   1.03891299441709     
          50          57  0.640603439028105     
          50          58  0.683625270815145     
          51          58   1.02432221655524     
          57          58  0.462495466865771     
          52          59  0.832030312896909     
          53          59  0.737378195642572     
          52          60  0.163002026847718     
          53          60   1.00808296655462     
          59          60  0.959597036710972     
          54          61  0.722038878175259     
          54          62  0.878931580922090     
          61          62  0.826605674284041     
          55          63   1.10681436015506     
          56          64   1.09002156626218     
          57          65  0.897360186595645     
          57          66  0.265762013418563     
          58          66  0.967710866302080     
          65          66  0.662252160822178     
          59          67  0.898266674790523     
          60          67  0.181376985642024     
          61          68  0.862296520982870     
          62          68  0.874620418346631     
          62          69  0.765543760644705     
          63          69  0.687691225314561     
          68          69  0.659137655466781     
          63          70  0.827530322267754     
          69          70   1.25946631311077     
          63          71  0.549159462561608     
          64          71  0.585026881770873     
          70          71   1.11406443689351     
          64          72  0.860321367081667     
          71          72   1.11508810220637     
          64          73  0.697443500860087     
          65          73  0.788596485808339     
          72          73   1.16158126321311     
          65          74  0.709939871972056     
          66          74  0.682496385873277     
          73          74  0.738786006187641     
          66          75  0.750348076470340     
          74          75   1.19676833218964     
          67          76  0.989146974108747     
          75          76   1.06147190001916     
          67          77  0.157690664609728     
          75          77  0.120062401423648     
          76          77   1.06203222935921     
          77          78  0.952812817701685     
          53          79  0.908404798256783     
          67          80  0.933580253925347     
          30          81  0.940403112177457     
          68          82  0.956385423729066     
          60          83  0.972441732759833     
          44          84  0.923095610244843     
          36          85  0.968195473118863     
          61          86  0.954515363672466     
          43          87  0.937304152061592     
          77          88  0.952376568032446     
          30          89  0.943916703313058     
