   -0.48242229
    0.21106994
   -0.10469274
    0.12789616
   -0.00270100
   -0.03425274
   -0.03277191
   -0.03587925
   -0.03050242
   -0.03788102
   -0.21304628
    0.12457858
   -0.12277273
    0.12450618
   -0.36673018
    0.09268812
   -0.37560350
    0.11503417
   -0.41787811
   -0.08936607
    0.05490625
    0.04266639
    0.03015639
    0.02962170
    0.03233860
    0.03769955
    0.05001502
    0.30950767
    0.32408110
    0.35922278
    0.06783899
    0.06379958
    0.03213563
    0.04028090
    0.06095770
    0.02652683
    0.05331829
    0.08646068
    0.03260557
    0.07378320
    0.05535961
    0.02055581
   -0.00155875
    0.05089004
    0.06285893
    0.04714254
    0.04817248
    0.02264143
    0.01961519
    0.06037827
    0.06426184
    0.02082296
   -0.00269434
    0.05254416
    0.02289961
    0.10322966
    0.01980317
    0.03252833
    0.06210112
    0.06836933
    0.04548038
    0.02850830
    0.02339889
    0.09331310
    0.07279561
    0.09950467
    0.04417871
    0.01558721
    0.08184726
    0.05533064
   -0.11642068
    0.04056603
   -0.14324583
   -0.13444207
   -0.11692304
   -0.12380799
   -0.10362281
   -0.13064503
   -0.09163772
   -0.14768109
   -0.09160062
   -0.13187394
   -0.11031595
   -0.10830761
   -0.13710351
