           1           2   1.53002452669165     
           2           3   1.19501121177035     
           3           4   1.51089438979301     
           4           5   1.10530402428614     
           5           6   1.34255722518631     
           6           7   1.47256939251652     
           7           8   1.41677322191979     
           8           9   1.41304852131183     
           5          10   1.34064746912700     
           9          10   1.47635830728314     
           4          11   1.04914265678783     
          11          12   1.06437219860705     
          12          13   1.36592567253904     
          13          14   1.36677717394019     
          14          15   1.07784282902717     
          14          16   1.30760363752506     
          16          17   1.07836524277898     
          16          18   1.32040775986160     
          18          19   1.12218479258964     
           2          20   1.08349630862507     
          12          20   1.30135420823013     
          18          20   1.28800789840160     
           3          21  0.961910668968636     
           6          22  0.968460186257435     
           7          23  0.970778256754263     
           8          24  0.972189874160785     
           9          25  0.970858472347900     
          10          26  0.966420826845884     
          13          27  0.963556715377023     
          15          28  0.886349401965755     
          17          29  0.871191455485562     
          19          30  0.760888835431967     
          32          33   1.15325347588483     
          34          35   1.35893554118941     
          36          37   1.30870373548045     
          31          38   1.19726715541740     
          32          38  0.836516251597715     
          32          39  0.535349184181930     
          38          39   1.08238578379197     
          33          40   1.15335510211752     
          34          41   1.07161855976087     
          40          41  0.996919352898555     
          35          42   1.12544038034297     
          36          42  0.724108829387878     
          36          43  0.695173560694264     
          37          43  0.125718866012214     
          42          43  0.461191741763621     
          36          44  0.700008800138004     
          37          44  0.813640033124671     
          43          44  0.894380553335892     
          39          45  0.835121622223881     
          32          46  0.166646851339370     
          39          46  0.688366194685454     
          45          46  0.795220703036135     
          32          47  0.524920697478868     
          33          47  0.466082005462517     
          46          47  0.803844513724172     
          33          48  0.460927177930545     
          40          48  0.441073947684369     
          47          48  0.638250137511610     
          40          49  0.519762153864812     
          41          49  0.618941740937807     
          48          49  0.524575516057828     
          34          50  0.475548408579856     
          41          50  0.647629607211782     
          49          50  0.944780323915083     
          35          51  0.604742094982874     
          42          51  0.641614794249444     
          42          52  0.353645050148467     
          43          52  0.568552920000398     
          51          52  0.645217485943721     
          43          53  0.697496336581855     
          52          53  0.754731705202633     
          53          54  0.815002284110738     
          45          55  0.809319813592338     
          46          55  0.864706438691488     
          47          56  0.766554870630611     
          48          56  0.729067554000456     
          48          57  0.705150519260955     
          49          57  0.718812467667876     
          56          57  0.625981222527847     
          50          58   1.01277701039415     
          51          58  0.650149978017398     
          51          59  0.684200511775099     
          52          59   1.02339509239030     
          58          59  0.446784204789659     
          53          60  0.835354708140171     
          54          60  0.737785383956045     
          53          61  0.162939415923418     
          54          61   1.00405930963424     
          60          61  0.962365261652357     
          55          62  0.715647191257437     
          55          63  0.880062952089222     
          62          63  0.828521511470428     
          56          64   1.10914609224376     
          57          65   1.08574840189283     
          58          66  0.923294195099585     
          58          67  0.276429586426186     
          59          67  0.979218558140968     
          66          67  0.658473382551545     
          60          68  0.894576637454099     
          61          68  0.186851022501909     
          62          69  0.862355848089512     
          63          69  0.869097630406258     
          63          70  0.773393008594718     
          64          70  0.688108429413919     
          69          70  0.654159628086336     
          64          71  0.829842804457120     
          70          71   1.24913687241594     
          64          72  0.544496286746642     
          65          72  0.573231696238540     
          71          72   1.11601455914161     
          65          73  0.849183103791349     
          72          73   1.12900402564952     
          65          74  0.707171922239745     
          66          74  0.776631206673063     
          73          74   1.16068231956969     
          66          75  0.700249922055434     
          67          75  0.680870330067557     
          74          75  0.744705082592926     
          67          76  0.743930397614402     
          75          76   1.20061361771104     
          68          77  0.991487828208990     
          76          77   1.05592814126392     
          68          78  0.155539123342413     
          76          78  0.120660157540786     
          77          78   1.06375180922426     
          78          79  0.953902860622126     
          54          80  0.908816952879204     
          68          81  0.934739576086544     
          31          82  0.942549407754113     
          69          83  0.957569359793606     
          61          84  0.972419898306813     
          45          85  0.922859230715417     
          37          86  0.969733798374868     
          62          87  0.954249236662577     
          44          88  0.938641054387897     
          78          89  0.951526137316640     
          31          90  0.944645618565470     
