    0.03453347
   -0.25291164
    0.11753073
   -0.08504790
   -0.00880195
   -0.05189307
   -0.08269424
    0.11813490
   -0.26198329
    0.02601829
    0.19156722
   -0.45614877
   -0.06001234
   -0.07727420
   -0.03672949
   -0.06781443
    0.00709802
   -0.17403231
    0.00331217
    0.00646875
   -0.04274258
   -0.03454948
   -0.03729711
   -0.03564828
   -0.04635441
    0.00795839
   -0.08340129
   -0.07370343
    0.04020243
    0.04016643
    0.06272781
    0.03602713
    0.06450211
    0.04790375
    0.04830186
    0.06160266
    0.05943254
    0.03205960
    0.06290093
    0.06652950
    0.03676079
    0.02962427
    0.00036341
    0.03465056
    0.00473749
    0.04303657
    0.02196918
    0.02454748
    0.02661904
    0.04264477
    0.07254643
    0.00400430
    0.03418717
    0.05382555
    0.03259328
    0.05165896
    0.03965440
    0.06578537
    0.06547937
    0.02979731
    0.03844215
    0.05801311
    0.02430825
    0.05215225
    0.08480375
    0.03146253
    0.07270611
    0.05518036
    0.02096492
   -0.00263986
    0.05266249
    0.06337514
    0.05485096
    0.04545150
    0.02284882
    0.03550221
    0.05786921
    0.06228235
    0.02633969
    0.00535381
    0.05763572
    0.03661762
    0.12671763
    0.02749382
    0.02959004
    0.06432030
    0.06441019
    0.05377924
    0.03476533
    0.02853209
    0.10404060
    0.06957039
    0.10867854
    0.04555877
    0.01229483
    0.07645271
    0.04863785
   -0.12263513
    0.03300183
   -0.14828396
   -0.14062518
   -0.12397535
   -0.12347197
   -0.10884046
   -0.13723531
   -0.09673513
   -0.15345539
   -0.10524707
   -0.13325302
   -0.11331390
   -0.11435678
   -0.14302271
