           1           2  0.993981277890694     
           2           3   1.02923013976227     
           3           4   1.37193024546674     
           4           5   1.40733982205630     
           5           6   1.31902213264510     
           6           7   1.29742214960022     
           3           8   1.26522008264278     
           7           8   1.38043630854130     
           8           9   1.04941277377839     
           9          10  0.971321369268531     
           6          11   1.11422750061385     
          11          12   1.44333639848179     
          11          13   1.00425054839263     
          13          14  0.984612505213135     
          14          15  0.993248085537114     
          15          16   1.00060821502785     
          16          17  0.999465088225189     
          17          18  0.998333311154033     
          18          19  0.994165518468932     
          19          20  0.999893052379308     
          20          21   1.36435818277305     
          21          22   1.44938222345518     
          22          23   1.42107091500946     
          23          24   1.38495751128298     
          20          25   1.42523167115355     
          22          25  0.112632614067218     
          24          25   1.41065376126753     
          18          26   1.00431239009369     
          15          27  0.990779794233284     
          26          27   1.00037367038851     
           5          28   1.01204998237706     
          13          28  0.991942697566745     
           1          29  0.976977996556508     
           1          30  0.977528141509936     
           1          31  0.981179861910166     
           4          32  0.965927734906303     
           7          33  0.918616335620226     
          10          34  0.675048897928399     
          10          35  0.969029679242534     
          10          36  0.981487674944653     
          13          37  0.785079227339998     
          14          38  0.972716470208915     
          14          39  0.971109662118049     
          15          40  0.920980909688227     
          16          41  0.973102043179702     
          16          42  0.978752396749839     
          17          43  0.969140157326890     
          17          44  0.970249613318137     
          19          45  0.964426031473908     
          19          46  0.961400956493727     
          21          47  0.969604622669415     
          22          48  0.971296437145025     
          23          49  0.970567868148387     
          24          50  0.683314424716248     
          25          51  0.847082719312344     
          26          52  0.968161056460505     
          26          53  0.974195004331685     
          27          54  0.979406437205883     
          27          55  0.976708070206520     
          28          56  0.961490466313637     
          28          57  0.958180751298555     
          58          59  0.117902613861777     
          59          60  0.139522016404582     
          60          61  0.145121467665325     
          61          62  0.128473349410374     
          62          63  0.187497458056302     
          58          64   1.06374197086854     
          59          65  0.936995514215578     
          60          66  0.921271734234928     
          61          67  0.909211076885068     
          62          68  0.914233179465793     
          63          69   1.00582037171907     
          64          70   1.17446865142257     
          65          71   1.18074417363303     
          66          72   1.15217052596134     
          67          73   1.17044251385741     
          68          74   1.16199020032562     
          69          75   1.23244521815471     
          70          76   1.02609364321305     
          71          77   1.24675022162840     
          72          78   1.46608901153865     
          37          79  0.108678266795384     
          73          79   1.42266413548109     
          78          79  0.109508535254444     
          74          80   1.42518611079433     
          69          81  0.109973607776474     
          75          81   1.30969702826697     
          50          82  0.164904235678181     
          76          82  0.744151607730509     
          71          83  0.161449797530637     
          77          83   1.26000332252575     
          72          84  0.250747352541535     
          78          84   1.45838589806516     
          12          85  0.193952418382944     
          73          85  0.164223345692332     
          79          85   1.32065154895283     
          74          86  0.197147873590561     
          80          86   1.38681270332210     
          34          87  0.103753598770293     
          75          87  0.111893546192734     
          81          87   1.29486534773122     
          82          88   1.15449818528250     
          83          89   1.18764583662056     
          84          90   1.15426743191100     
          12          91  0.188450232350998     
          85          91   1.03595890099454     
          86          92   1.14136749500728     
          34          93  0.153076818057391     
          87          93  0.895743007245597     
          82          94  0.121544448668359     
          88          94   1.13009799926400     
          89          95  0.920826800476673     
          90          96  0.925158010916676     
          95          96  0.139786769085509     
          91          97  0.844416895309532     
          96          97  0.163981920211522     
          92          98  0.926579502133984     
          97          98  0.131907122496895     
          93          99   1.53228027445907     
          98          99  0.205569651746579     
          58         100  0.980077641138237     
          59         100  0.968361382426363     
          64         100  0.735506493399044     
          65         100  0.662240293711179     
          59         101  0.987048650688051     
          60         101  0.986144881556980     
          65         101  0.680567617224773     
          66         101  0.659748217829699     
          60         102   1.03072850211331     
          61         102  0.977473522481619     
          66         102  0.663550340122816     
          67         102  0.665123340541369     
          61         103   1.00000874039182     
          62         103   1.00544693298786     
          67         103  0.656388813425422     
          68         103  0.669989995553389     
          62         104  0.947323957825390     
          63         104   1.10395189875886     
          68         104  0.641441064931179     
          69         104  0.699104172553212     
          88         105  0.735146274119821     
          89         105  0.669953630813335     
          94         105  0.929824392065422     
          95         105  0.993662974828437     
          89         106  0.673618831831560     
          90         106  0.665350197988773     
          95         106  0.986485183856341     
          96         106  0.993533152149158     
          90         107  0.644244173290694     
          91         107  0.662779711997305     
          96         107   1.01484338219203     
          97         107   1.01549510068115     
          91         108  0.587704871856767     
          92         108  0.671082507825419     
          97         108  0.987103195834721     
          98         108  0.960139748759154     
          92         109  0.624716351713483     
          93         109  0.678644521070812     
          98         109  0.997191390083365     
          99         109   1.17555875656857     
          70         110  0.396280963012242     
          71         110  0.362422163938971     
          76         110  0.976570919266847     
          77         110  0.893724864498201     
          82         110  0.291505048869441     
          83         110  0.333448860009146     
          58         111  0.862712647746125     
          64         112  0.117680448259906     
          70         112  0.665295818005317     
          76         112  0.153386078333886     
          76         113  0.109578509287213     
          82         113  0.718340516986317     
          94         114  0.866234880322500     
          63         115  0.858977733473117     
          69         116  0.160577193829783     
          75         116  0.651619022633408     
          81         116  0.138795297527981     
          81         117  0.140643489358785     
          87         117  0.725790723802696     
