   -0.44100091
    0.28249647
   -0.24713601
    0.12738022
   -0.09779306
    0.12436634
   -0.38120977
    0.07391233
   -0.41189094
    0.10695131
   -0.42019512
   -0.13119295
    0.06914503
   -0.28208967
    0.13083961
   -0.12126306
    0.13947762
   -0.39050754
   -0.12113448
    0.14242084
   -0.39444385
   -0.08912081
    0.11497859
   -0.46812068
   -0.04608796
   -0.00959597
   -0.12158049
    0.10617472
   -0.42253621
    0.08085097
   -0.40958416
    0.12448337
   -0.38262045
   -0.08284421
    0.07681159
    0.32499263
    0.32377534
    0.33332688
    0.09549550
    0.07762305
    0.09104169
    0.31211754
    0.05755982
    0.33634897
    0.02139056
    0.30640579
    0.05578955
    0.05724286
    0.33424619
    0.32666761
    0.32505019
    0.05899432
    0.06486506
    0.06464926
    0.02890917
    0.03431326
    0.06224266
    0.02381120
    0.04251629
    0.07163304
    0.02372664
    0.06571755
    0.04829101
    0.03541191
   -0.00650408
    0.06104344
    0.06525133
    0.12081517
    0.02840295
    0.02462949
    0.02858706
    0.05980672
    0.06516012
    0.02892348
    0.00624166
    0.05901070
    0.02989622
    0.11172874
    0.02510266
    0.03391657
    0.06181127
    0.06451170
    0.05366834
    0.02818902
    0.02298420
    0.09798055
    0.07638667
    0.10543868
    0.04443676
    0.01684254
    0.08299678
    0.04926166
   -0.12250274
    0.03664707
   -0.14329395
   -0.13308391
   -0.11302066
   -0.13060081
   -0.12249572
   -0.13353819
   -0.09193642
   -0.14840674
   -0.09052504
   -0.12703656
   -0.10798510
   -0.11142870
   -0.13980916
