           1           2   1.60809413644236     
           1           3  0.139566017482834     
           2           3   1.10551418142138     
           3           4  0.992183809915067     
           4           5   1.36272026032342     
           5           6   1.38614607300214     
           6           7   1.08866436919234     
           6           8   1.31051206655520     
           8           9   1.04837079659595     
           8          10   1.33105127107072     
          10          11   1.07479849744226     
           4          12   1.38179556023236     
          10          12   1.36902964254428     
           2          13  0.965361878186450     
          13          14  0.946374320863087     
          14          15   1.05882799262866     
          15          16   1.36710133818421     
          16          17   1.37305973887635     
          17          18   1.08128206464019     
          17          19   1.36772678831014     
          19          20   1.37597424065044     
          20          21   1.10202904414687     
          15          22   1.35173378948599     
          20          22   1.33233710014403     
          22          23  0.987247573737353     
          23          24  0.979598429294342     
          13          25  0.972252036819980     
          23          25  0.955848799978122     
          25          26   1.00226614183743     
          26          27   1.38986126139515     
          27          28   1.37353089117343     
          28          29   1.07431161478902     
          28          30   1.32102539578053     
          30          31   1.05472208688905     
          30          32   1.32286198619315     
          32          33   1.08863372752860     
          26          34   1.41668162824248     
          32          34   1.36659855015624     
           5          35  0.963066418502436     
           7          36  0.871620183183584     
           9          37  0.871827572679502     
          11          38  0.836257290764733     
          12          39  0.942791630758431     
          13          40  0.863556580496958     
          16          41  0.950166340834241     
          18          42  0.880618973770258     
          19          43  0.962710695738680     
          21          44  0.849797536078349     
          23          45  0.951402687272766     
          24          46  0.869376039283124     
          25          47  0.960850364306212     
          27          48  0.951620312154392     
          29          49  0.832882462265136     
          31          50  0.868219149793652     
          33          51  0.872173677688014     
          34          52  0.965078177123440     
          53          54  0.865872802650391     
          54          55  0.770784529339194     
          53          56  0.944958540483432     
          54          56  0.592967920623194     
          54          57  0.139427160586827     
          55          57   1.12575397197541     
          54          58  0.541038131202016     
          55          58  0.436104919554880     
          57          58  0.428817870487288     
          58          59   1.07301969068499     
          59          60   1.01473366483218     
          57          61  0.623356504378305     
          58          61  0.794185524397702     
          59          61  0.137335023723212     
          60          62   1.01598949392051     
          56          63  0.867801121290781     
          56          64  0.804931308988023     
          63          64  0.840557209940206     
          57          65  0.803042243759277     
          61          65  0.367074060527853     
          64          65  0.827197132382410     
          56          66  0.101333769610459     
          63          66  0.775479585552426     
          64          66  0.832002688334370     
          65          67  0.825525813052903     
          61          68  0.703096257821659     
          65          68  0.452011164638612     
          67          68  0.598550530930997     
          61          69  0.779971413481545     
          62          69  0.164882460076889     
          68          69  0.582014856342754     
          60          70  0.113248687060814     
          62          70   1.00574125907252     
          69          70  0.979239454770042     
          67          71  0.450222908392984     
          68          71  0.843144308181385     
          69          71  0.690037624352452     
          70          72  0.930592585671028     
          66          73  0.790979719238995     
          66          74  0.719115928190049     
          73          74  0.795630929677267     
          67          75  0.684026384921812     
          74          75   1.00264749455373     
          73          76  0.833988582970142     
          74          76  0.717801229782086     
          75          77  0.886053277925210     
          67          78  0.576945496267410     
          71          78  0.471766040795571     
          75          78  0.588708058330515     
          77          78  0.656679384495512     
          71          79  0.735634157457751     
          78          79  0.527251412103816     
          70          80  0.169148785487402     
          72          80   1.14759006380646     
          79          80  0.981933587832151     
          77          81  0.401081603116400     
          78          81  0.569634368463313     
          79          81  0.769415233346522     
          72          82  0.116921399244324     
          79          82  0.202522280383805     
          80          82  0.766390096910954     
          81          82  0.266054483705933     
          76          83  0.774115661700052     
          76          84  0.811944407059309     
          83          84  0.757840025178578     
          77          85  0.708516952832947     
          84          85  0.895384611014675     
          76          86  0.145643041697302     
          83          86  0.995086861229425     
          84          86  0.952535484411375     
          85          86  0.202739443153676     
          85          87  0.874622672138327     
          77          88  0.619367736764994     
          81          88  0.318350813113058     
          85          88  0.620269823370645     
          87          88  0.757814590489106     
          81          89  0.605936185850503     
          88          89  0.437243964825483     
          81          90  0.488560680163852     
          82          90  0.973149698808204     
          89          90  0.699452229368694     
          87          91  0.674650121886301     
          88          91  0.757964967072922     
          89          91  0.770873094224042     
          89          92  0.959979997949063     
          90          92   1.16411844315719     
          91          92  0.183462709038326     
          53          93  0.950587690668788     
          53          94  0.523753101623234     
          54          94  0.438429186535262     
          55          95  0.949548142062125     
          59          96  0.911572408002382     
          60          97  0.931330234755954     
          62          98  0.922709292912565     
          63          99  0.913193270242303     
          72         100  0.954025829905075     
          73         101  0.921439574826460     
          82         102  0.940971790677149     
          83         103  0.915516794148801     
          86         104  0.970798534002153     
          87         105  0.953300303182625     
          91         106  0.953272668572288     
          92         107  0.969007025119689     
